Epoch	AverageEpRet	StdEpRet	MaxEpRet	MinEpRet	EpLen	AverageVVals	StdVVals	MaxVVals	MinVVals	TotalEnvInteracts	LossPi	LossV	DeltaLossPi	DeltaLossV	Entropy	KL	Time
0	-561.5491	64.75602	-411.55548	-705.5738	79.0	0.013125893	0.499147	1.7962116	-1.4327971	10000	0.062442888	68376.05	-0.0019941037	-6447.5186	1.0347986	0.0007588861	10.236613988876343
1	-563.0068	56.87104	-394.72617	-698.6055	79.0	-14.217883	0.31271702	-9.365723	-14.365968	20000	0.06532551	60940.914	-0.002127652	-2436.838	1.0725026	0.0012657421	18.526666402816772
2	-547.6502	60.75416	-388.12653	-682.3272	79.0	-20.015732	0.14429806	-17.262964	-20.07331	30000	0.04733725	56591.086	-0.0020641175	-2153.7275	1.1006957	0.0003712381	27.2968430519104
3	-544.44244	65.8615	-406.0597	-684.65875	79.0	-25.32825	0.14144178	-21.72752	-25.369307	40000	0.053238787	53412.004	-0.0014470387	-2018.2803	1.1114066	0.0009032716	35.886539697647095
4	-537.31024	64.78706	-348.14398	-665.30566	79.0	-30.462831	0.11453582	-28.172474	-30.496347	50000	0.036639456	49619.906	-0.0015187177	-1848.6211	1.1284201	0.00035374207	44.487436294555664
5	-543.3512	62.92221	-335.46793	-658.1224	79.0	-35.369106	0.39518258	-25.690544	-35.434113	60000	0.0370092	48865.54	-0.0017034169	-1814.7529	1.1434823	0.000644193	53.290701389312744
6	-531.21814	65.01241	-339.21884	-692.1335	79.0	-40.10496	1.5156283	-18.492424	-40.34464	70000	0.021222612	44813.26	-0.0011368785	-1700.4297	1.1432474	0.001793456	61.73827624320984
7	-526.0545	59.885983	-348.77316	-660.6121	79.0	-44.18492	3.732245	-9.827337	-45.12365	80000	0.030463513	41646.5	-0.0017749816	-1597.7324	1.1733474	0.00061984814	71.37555408477783
8	-523.1829	55.85182	-367.27673	-647.56177	79.0	-47.80479	7.315578	-1.0047983	-49.78729	90000	0.0044034366	39838.24	-0.0007132115	-1534.0361	1.1718752	0.0014146429	80.36210250854492
9	-509.16165	65.30889	-360.3314	-677.5732	79.0	-51.6812	9.331016	6.604228	-54.414505	100000	0.005031216	36169.676	-0.0020837204	-1382.1348	1.1657946	0.00094796653	89.71685194969177
10	-518.74384	60.133728	-381.74533	-663.66876	79.0	-55.5592	10.578364	6.2334113	-58.855206	110000	0.0017767446	36724.285	-0.0018891469	-1437.7246	1.179924	0.000489236	98.30693483352661
11	-504.3982	58.91932	-356.48544	-629.6297	79.0	-60.03597	11.045613	5.3910365	-63.40706	120000	0.010040544	32498.934	-0.0009843728	-1276.2095	1.1977315	0.00061715225	106.84593105316162
12	-502.24872	63.229546	-345.59088	-634.1758	79.0	-63.57604	13.053387	5.693246	-67.7585	130000	0.0043924768	31095.424	-0.0008806075	-1219.771	1.2059615	0.00058185356	115.48351979255676
13	-502.95847	54.783424	-374.54678	-643.57056	79.0	-67.06048	14.2855835	4.714585	-72.03805	140000	-0.003263969	29408.004	-0.0019052317	-1177.0996	1.2106421	-0.00016162632	123.7878303527832
14	-497.2939	62.82816	-336.34122	-700.18195	79.0	-71.131226	14.843676	2.338265	-76.28115	150000	-0.0006529372	28370.629	-0.001190528	-1125.4824	1.2032002	0.0009969898	132.344340801239
15	-490.0638	53.98798	-370.06924	-652.4753	79.0	-74.260124	16.87429	7.812755	-80.47415	160000	-0.008804534	25527.625	-0.0011533948	-1037.8687	1.1972896	0.00069916394	140.57772278785706
16	-484.3097	52.74162	-334.2891	-645.41534	79.0	-77.51901	18.34235	7.222252	-84.541855	170000	-0.0052796537	24283.143	-0.0006374556	-1006.6362	1.2036813	0.00034101566	149.61825346946716
17	-481.25253	61.093662	-285.15457	-634.24475	79.0	-81.123314	19.261744	17.107824	-88.58165	180000	-0.005469113	23609.748	-0.0010870548	-987.63135	1.2031255	0.00022443506	158.52793979644775
18	-468.19205	55.779263	-320.06216	-618.2981	79.0	-84.5615	20.385098	7.4174366	-92.62038	190000	0.008413759	20079.955	-0.00042725005	-854.83496	1.2019377	0.00065499055	167.00757575035095
19	-471.54074	60.86776	-326.38245	-630.00323	79.0	-86.88401	22.397785	11.476002	-96.410095	200000	-0.0011398271	19816.926	-0.0013582045	-829.4917	1.1837891	0.00020036015	175.5308117866516
20	-468.3515	59.31402	-309.24475	-630.1766	79.0	-89.84205	23.810415	18.4368	-100.17795	210000	-0.01724182	18852.316	-0.0010925885	-817.5078	1.1888306	0.00056333665	184.33533763885498
21	-461.3844	59.207928	-283.18216	-635.75244	79.0	-92.78993	25.063293	10.191915	-103.94865	220000	-0.0077196267	17092.545	-0.001279939	-738.9829	1.1789923	0.00043642265	193.23179721832275
22	-456.52753	58.82923	-304.3064	-611.1546	79.0	-95.682915	26.208725	7.4481115	-107.59803	230000	-0.00817799	16041.922	-0.001150867	-704.34546	1.1747757	0.0006601476	201.45782589912415
23	-464.28317	57.22951	-302.18423	-621.77545	79.0	-98.09087	27.77727	13.661249	-111.17166	240000	0.01212426	16115.721	-0.0006062938	-739.37573	1.1746197	0.00033455167	210.38485050201416
24	-449.29718	49.22246	-289.0417	-577.8836	79.0	-101.39526	29.090834	11.2533045	-114.85447	250000	-0.0027632993	13551.529	-0.0011382452	-625.50195	1.1640488	0.00072282576	219.10900354385376
25	-450.54324	66.052315	-323.64325	-657.7534	79.0	-103.15647	30.253414	7.2354	-118.283356	260000	0.0026372988	13717.366	-0.0011930964	-642.62134	1.1644396	0.00053155684	227.481271982193
26	-450.2961	53.641937	-306.9496	-628.0741	79.0	-106.06777	31.293398	27.822275	-121.73362	270000	0.0020099916	12764.102	-0.0010490343	-599.2505	1.1630242	0.00032302606	235.9111406803131
27	-453.66174	66.995735	-285.08792	-648.06104	79.0	-107.76775	33.607124	13.758624	-125.15283	280000	-0.007872527	12768.435	-0.0010294428	-600.8977	1.1267922	0.0009269875	244.29982471466064
28	-435.9191	59.26355	-281.7167	-573.5708	79.0	-110.96365	33.968964	9.335044	-128.59953	290000	0.012951506	10553.432	-0.000491224	-510.02588	1.1221855	0.000623446	252.9412817955017
29	-444.9921	60.32803	-293.0596	-667.30835	79.0	-111.75205	36.054672	11.816057	-131.79843	300000	0.009365702	10832.868	-0.00041187648	-529.177	1.1101224	0.00026845696	261.1720154285431
30	-441.2767	62.586815	-278.1052	-581.20374	79.0	-113.38145	38.21862	20.168795	-135.02545	310000	0.01218275	10304.04	-0.00079760375	-530.1196	1.113775	0.00038171874	270.5755453109741
31	-430.31342	65.3503	-258.05588	-606.5302	79.0	-116.73261	38.376408	7.5718927	-138.27432	320000	0.028771743	9108.471	-0.0003690552	-460.70312	1.1001053	-0.00035132648	279.8317313194275
32	-441.54633	65.95247	-264.53152	-599.4957	79.0	-117.58046	40.164516	8.743662	-141.34816	330000	0.014734445	9460.439	-0.00062697777	-508.48962	1.087291	0.0004425595	297.6668426990509
33	-438.12808	62.99	-293.5133	-614.68164	79.0	-121.97701	40.29751	13.457045	-144.55054	340000	0.002444435	8701.924	-0.0009342525	-447.07764	1.0749762	0.00014483935	310.04508924484253
34	-423.79855	60.995228	-251.73616	-602.7247	79.0	-123.06687	41.582825	8.364367	-147.68665	350000	0.018141398	7337.0547	-0.00038721692	-400.00244	1.0718535	0.00029958133	320.2751865386963
35	-432.78152	60.381813	-318.2694	-599.94745	79.0	-123.83443	43.797848	12.177374	-150.60617	360000	0.031735983	7850.7617	-0.00038558454	-437.5681	1.0598793	0.0004430865	331.4261748790741
36	-433.76938	61.752773	-311.41815	-621.72675	79.0	-125.38816	44.951817	13.086853	-153.63957	370000	0.021903526	7352.8115	-0.0006610885	-445.74646	1.0781289	0.00052707247	339.9185094833374
37	-424.69574	63.603058	-242.92384	-647.39307	79.0	-128.5249	45.543728	10.885775	-156.67996	380000	0.031675234	6715.7207	-0.00029176683	-401.6256	1.0570138	0.0002031457	349.9931344985962
38	-420.26352	64.276855	-279.08096	-595.92377	79.0	-129.73633	46.547558	12.420411	-159.56728	390000	0.020993747	6094.4463	-0.00042527588	-370.0238	1.0484273	-1.0549375e-06	358.5537807941437
39	-426.25806	70.419975	-220.49086	-629.6647	79.0	-129.40767	49.29641	31.361322	-162.34161	400000	0.037564337	6408.96	-0.0003199163	-422.9879	1.0241001	-2.7402151e-05	370.66795325279236
40	-420.93607	62.714233	-256.52036	-582.64746	79.0	-132.3469	49.760937	40.862038	-165.22546	410000	0.03150501	5741.7227	-0.00035812985	-367.52747	1.0240557	0.00019759251	390.46251010894775
41	-423.9958	67.5476	-232.22835	-600.57666	79.0	-133.61563	50.27587	27.755245	-167.95013	420000	0.03565927	5679.551	-0.00028578728	-373.86377	1.0295217	3.0583844e-05	405.70878887176514
42	-422.8467	64.41539	-274.45193	-601.61304	79.0	-135.71472	51.768547	52.005882	-170.73831	430000	0.028769996	5564.616	-0.0005379785	-415.96338	1.0158494	7.355199e-05	416.9267809391022
43	-411.64087	65.121284	-249.64827	-607.9066	79.0	-137.42917	52.69473	17.319374	-173.57297	440000	0.024967555	4517.226	-0.00036877766	-321.0282	1.0242528	8.276128e-05	426.12386441230774
44	-422.48172	60.41165	-258.42847	-665.136	79.0	-136.39745	54.511295	17.347748	-176.08493	450000	0.021207314	4694.4146	-0.00033062324	-341.87207	0.9959475	0.00027089068	436.49584341049194
45	-420.1398	60.15014	-303.44943	-588.0188	79.0	-140.66272	53.585175	11.613055	-178.76251	460000	0.028407961	4456.7188	-0.00065444596	-326.2489	1.0079575	0.00016888761	447.96073293685913
46	-415.22882	60.817013	-213.89842	-566.1599	79.0	-141.99759	55.727753	22.25383	-181.38898	470000	0.03415604	3968.7676	-0.00023911637	-309.4281	0.97952235	0.00019200078	459.1907751560211
47	-422.22318	63.230675	-264.25537	-631.79956	79.0	-142.58408	56.75125	8.765941	-183.94235	480000	0.030281983	4166.9004	-0.0004918593	-309.96796	0.9952998	0.0001165108	467.79595947265625
48	-424.11365	74.16091	-256.08926	-660.93066	79.0	-144.65262	57.00352	14.593912	-186.58412	490000	0.0289068	4378.1553	-0.00033560162	-359.9325	1.0075538	0.00029798714	476.7459862232208
49	-421.34503	66.33026	-265.318	-611.96564	79.0	-145.2321	58.81831	22.224117	-189.25903	500000	0.027557053	3961.647	-0.00060934457	-373.75354	0.99200445	0.00023561581	486.5573048591614
50	-409.75812	73.36017	-220.69525	-624.5759	79.0	-146.7174	59.762035	7.1160307	-191.81612	510000	0.021885276	3639.3174	-0.00012130942	-381.7915	1.0000178	2.8935712e-05	494.8949456214905
51	-414.31906	66.70042	-261.47372	-597.0291	79.0	-144.77733	61.07726	7.029764	-194.13042	520000	0.012074612	3360.9185	-0.00047437623	-324.971	1.005042	-3.4761477e-05	503.1534023284912
52	-414.20544	69.740776	-262.7893	-630.51337	79.0	-146.29553	62.37785	9.505695	-196.48114	530000	0.018130738	3383.9485	-0.00044203294	-311.3855	1.0018432	-9.6175165e-05	512.2903068065643
53	-404.90756	63.606655	-257.13968	-607.49774	79.0	-147.42865	62.26352	4.5993423	-198.81688	540000	0.00023922743	2729.2214	-0.00038185762	-288.43683	0.9864838	0.0002060596	520.8463296890259
54	-401.82434	61.554234	-287.02023	-591.43274	79.0	-148.47963	62.90924	8.193345	-200.86159	550000	0.024964849	2449.7212	-0.0003196206	-279.8745	0.9848994	7.967618e-05	529.0930409431458
55	-414.94193	64.534615	-247.45197	-581.5202	79.0	-149.04347	64.11689	7.7096024	-202.84148	560000	0.014838406	2985.0984	-0.0005530752	-328.25647	0.9953172	0.00027130457	536.9537737369537
56	-416.0591	69.77268	-237.03966	-590.17065	79.0	-151.40187	65.038765	3.4962718	-205.18134	570000	0.011535236	3072.3503	-0.0008042902	-306.37512	0.9785443	9.233647e-05	544.9165530204773
57	-413.56735	68.134384	-252.7817	-620.7954	79.0	-153.05107	65.16387	9.192314	-207.50543	580000	0.012563184	2813.9194	-0.00061782077	-292.04932	0.94942707	8.8219414e-05	552.778308391571
58	-398.87485	61.175293	-265.642	-560.2712	79.0	-154.17502	66.48809	10.203574	-209.76707	590000	-0.0058757123	2033.566	-0.0009238434	-258.92587	0.94894034	0.0002721792	561.9950571060181
59	-415.259	69.594864	-237.38274	-633.38806	79.0	-151.72525	67.96717	6.580225	-211.653	600000	0.015472951	2821.357	-0.00047233747	-334.26965	0.95885116	8.4815314e-05	571.8760480880737
60	-407.02502	67.517334	-246.64232	-581.96375	79.0	-152.75633	68.87831	32.047874	-213.8823	610000	0.03677838	2382.171	-0.0002535181	-322.15823	0.95267993	0.00024311215	585.774011850357
61	-401.71677	58.929592	-288.2545	-550.9311	79.0	-152.78223	69.291	13.350645	-215.91875	620000	0.025892742	1978.7264	-0.0002597922	-263.27725	0.92682594	-2.879202e-05	596.9639043807983
62	-401.4263	66.08186	-252.87064	-567.08685	79.0	-152.02278	70.39406	13.322176	-217.78563	630000	-0.00013659708	2280.618	-0.00035406044	-366.33493	0.9079864	2.9806644e-05	606.5322473049164
63	-403.55002	63.788403	-249.83922	-575.476	79.0	-155.18062	70.09214	21.626387	-219.70111	640000	0.018272523	2122.7585	-0.0002927382	-347.4819	0.9292607	0.00016651812	614.89297747612
64	-402.01144	68.72576	-265.69318	-681.6455	79.0	-156.34769	69.95741	6.957426	-221.61278	650000	0.039697677	2235.8113	-0.00039512105	-332.03528	0.91397005	-0.000121978155	623.517272233963
65	-415.35748	67.258705	-256.15283	-636.6013	79.0	-156.53506	71.68299	11.120364	-223.4966	660000	0.0225194	2282.6614	-0.00034594187	-308.0253	0.9195709	0.00011773054	634.6707463264465
66	-400.85516	61.110138	-264.8214	-563.9009	79.0	-159.49913	71.519806	11.583641	-225.64726	670000	0.031213662	1793.2324	-0.00026606594	-295.89935	0.88742673	8.6439126e-05	643.9977874755859
67	-403.18954	67.97871	-284.1913	-622.305	79.0	-156.70706	72.810455	7.052229	-227.3484	680000	0.003970275	2044.087	-0.00016402733	-333.5282	0.8989167	-3.671998e-05	653.2822940349579
68	-394.40942	66.93713	-214.18219	-595.9587	79.0	-159.09317	72.435	9.9914875	-229.11081	690000	0.01782002	1790.0869	-0.00033696042	-313.90738	0.89528584	-3.4304758e-06	662.0374915599823
69	-403.71646	58.74734	-276.70773	-549.6586	79.0	-158.13603	72.81706	30.596863	-230.60643	700000	0.0128861405	1726.523	-0.0004446322	-318.73987	0.89076245	0.000107800566	672.1675553321838
70	-399.19522	63.35757	-251.39328	-534.409	79.0	-162.40152	73.24227	18.016897	-232.24054	710000	0.014363231	1743.6144	-0.00025556888	-252.21881	0.88831985	0.00022670392	680.7753705978394
71	-405.1073	59.90843	-281.56262	-619.38513	79.0	-160.05106	74.686554	10.972115	-233.73318	720000	0.022830248	1703.0167	-0.00039042206	-268.1788	0.88758314	2.4858537e-05	689.6382462978363
72	-393.72586	58.736427	-228.76794	-557.3073	79.0	-159.68903	75.41206	6.5539875	-235.40314	730000	0.011929028	1485.6565	-0.0003766222	-300.89615	0.89752495	-0.00010474256	698.1710388660431
73	-405.30658	60.156715	-269.04968	-599.61523	79.0	-159.34932	74.69351	4.7890444	-236.71097	740000	-0.005633259	1774.6997	-0.0001512412	-349.10132	0.9017956	9.169831e-05	706.4832098484039
74	-397.0734	68.00449	-195.96677	-588.1917	79.0	-163.38551	75.76839	16.744873	-238.37369	750000	0.028727181	1824.0435	-0.00028342474	-342.18652	0.8894684	-7.198046e-05	714.8759922981262
75	-389.03473	68.67927	-231.17473	-602.42456	79.0	-159.21063	76.574585	8.705181	-239.77591	760000	0.016404282	1730.1277	-0.00021171477	-303.2899	0.88357705	1.9140212e-05	723.0661263465881
76	-405.05463	61.1793	-270.74756	-588.34467	79.0	-157.33438	76.99891	25.287	-240.87984	770000	-0.013457231	1621.3757	-0.00053556915	-336.90887	0.85436416	9.451252e-05	731.4730253219604
77	-393.50195	67.165306	-218.9538	-576.35376	79.0	-162.7299	77.4894	12.465334	-242.44	780000	-0.00037220307	1625.0526	-7.203361e-05	-266.07684	0.9010628	0.0001428205	739.7789876461029
78	-387.99893	57.96678	-232.9751	-526.44684	79.0	-160.47588	76.81479	30.86183	-243.62813	790000	-0.0024111941	1251.1704	-0.0002858471	-287.67596	0.87194204	7.4412055e-05	748.8787505626678
79	-385.86862	64.738945	-261.94653	-595.0171	79.0	-157.7564	76.5752	22.734928	-244.67754	800000	-0.0010014027	1497.148	-0.00012285856	-287.56555	0.8694887	-5.1263138e-05	757.6896483898163
80	-397.64136	65.76744	-218.49684	-562.62573	79.0	-159.7357	77.482994	9.979685	-245.55754	810000	0.024748579	1702.3926	-0.00026629423	-412.49356	0.89516276	6.818013e-05	766.5326766967773
81	-400.5949	62.954052	-255.28275	-558.68207	79.0	-160.70116	78.97765	5.113063	-246.824	820000	-0.030495709	1610.9088	-0.00034346548	-417.83197	0.8924793	0.00012855581	775.2380228042603
82	-409.2624	63.25138	-267.61945	-668.5661	79.0	-163.79486	77.60815	2.5349965	-248.1779	830000	-0.011123834	1656.3088	-0.0003535881	-289.69092	0.8957518	0.00014191141	783.4751451015472
83	-397.91248	65.87275	-248.30267	-653.04816	79.0	-166.09656	78.42424	1.1807342	-249.84087	840000	-0.01111497	1537.9316	-0.0002598276	-318.3389	0.86047006	0.00015100345	792.1309394836426
84	-393.10178	59.01462	-245.44641	-555.72314	79.0	-164.45407	78.288246	19.540257	-250.96202	850000	-0.0012121538	1341.8995	-0.00028552144	-257.4273	0.85128397	5.8578236e-05	800.7195885181427
85	-393.6669	75.43258	-251.2111	-596.118	79.0	-164.98035	77.37938	13.0966015	-251.87057	860000	-0.011188731	1898.158	-0.00019442849	-418.52194	0.8642941	2.892949e-05	809.9521763324738
86	-399.58978	60.0365	-268.21756	-605.3643	79.0	-161.65063	78.910034	25.50869	-252.9349	870000	0.0043840315	1317.1411	-0.00036458438	-245.97849	0.83992183	0.00014987355	818.707350730896
87	-392.4617	65.03849	-204.9978	-554.715	79.0	-164.30208	78.95701	13.47152	-254.11351	880000	-0.002475232	1397.4585	-0.0001721317	-235.363	0.8182797	-4.682846e-05	828.4331901073456
88	-391.39844	62.19865	-231.35449	-583.30634	79.0	-164.47887	80.24819	10.992074	-255.02917	890000	0.0027437285	1399.7529	-0.00023654755	-262.47916	0.8441055	0.00012302454	837.3075881004333
89	-401.1085	70.58529	-265.1152	-633.26843	79.0	-162.1052	80.31403	16.90411	-255.86728	900000	-0.012644199	1627.1592	-0.00029842727	-302.2279	0.8485837	7.122744e-05	847.3481290340424
90	-387.0518	57.375134	-212.80559	-566.6822	79.0	-167.08936	81.34089	12.972346	-257.02948	910000	-0.015608063	1393.0355	-0.00036681257	-330.81818	0.85816514	5.6967714e-05	856.0181615352631
91	-394.21744	63.604206	-195.57147	-561.12384	79.0	-159.60287	78.844444	9.867572	-257.76788	920000	-0.011102498	1481.594	-0.0002848641	-320.7777	0.8398988	0.000123206	864.5024881362915
92	-383.1343	60.87493	-250.7368	-554.80176	79.0	-162.11954	80.53769	4.9703236	-258.6078	930000	-0.019202914	1412.0759	-0.00036907214	-308.4611	0.8130449	-4.277357e-05	875.2996869087219
93	-394.71042	67.407074	-261.63058	-630.2714	79.0	-163.57109	79.14424	12.5943	-259.00348	940000	-0.030858427	1438.8694	-0.00034897102	-296.2635	0.8439827	8.791922e-05	884.7146275043488
94	-399.10098	74.030716	-274.1441	-575.1809	79.0	-165.40532	80.22706	12.918276	-260.05347	950000	-0.005686585	1815.6921	-0.00031563267	-367.22122	0.83953816	5.9435893e-05	894.7004985809326
95	-381.44122	58.908943	-242.01204	-522.2186	79.0	-165.0108	81.82636	8.212373	-261.39017	960000	-0.0056289406	1385.7799	-0.0003239545	-346.10608	0.82307625	-5.6315876e-05	904.3565335273743
96	-381.78598	58.55545	-252.196	-554.78894	79.0	-161.27539	79.04162	6.4680266	-261.71396	970000	-0.014030764	1297.936	-0.00024106482	-281.33893	0.8418776	0.00014063649	914.4279451370239
97	-392.74747	67.8952	-253.10681	-553.0239	79.0	-161.08514	78.89893	11.236827	-262.0393	980000	0.009917177	1697.2273	-0.00026381947	-333.37256	0.8362855	6.267922e-05	924.5435163974762
98	-390.85483	71.33274	-221.3762	-612.3983	79.0	-165.21478	80.720345	12.621561	-262.91437	990000	-0.029478215	1761.7634	-0.00023239432	-434.43082	0.8203954	4.532159e-05	934.9542851448059
99	-382.81	70.64259	-253.78976	-584.75183	79.0	-162.62697	81.761536	10.523841	-263.96014	1000000	0.028146593	1811.565	-0.00013374351	-531.5262	0.8368469	-1.1942902e-06	944.668788433075
100	-382.0609	52.23266	-252.08992	-508.94675	79.0	-159.8834	79.18599	19.90506	-264.3586	1010000	-0.022528563	1171.1663	-0.00031509995	-321.08328	0.80881387	2.6143964e-06	955.7063276767731
101	-394.45605	72.71023	-218.8692	-612.9006	79.0	-161.73566	81.75699	8.200166	-264.69617	1020000	-0.02042748	1669.222	-0.00023536477	-320.08636	0.83371234	-1.9908493e-05	966.5751628875732
102	-389.7874	68.993355	-215.42766	-595.37604	79.0	-164.4214	81.13246	11.393685	-265.59372	1030000	0.0014755055	1488.4325	-0.00025586504	-315.15082	0.8076303	-2.570397e-05	976.3493309020996
103	-388.54208	54.994015	-261.7316	-565.73224	79.0	-163.29587	81.98635	5.7820263	-266.13977	1040000	-0.0105886515	1269.4778	-0.00028162543	-300.13593	0.8191873	3.2779753e-05	986.1650981903076
104	-387.28232	57.844166	-242.68338	-526.6509	79.0	-162.57463	80.664505	13.658409	-266.6915	1050000	-0.005090733	1211.0232	-0.00021777768	-269.8486	0.8323014	0.00010457757	996.3137609958649
105	-394.59198	60.023754	-278.13916	-645.59186	79.0	-162.62175	80.68421	3.3664095	-267.022	1060000	-0.037662104	1481.6597	-0.00016914727	-363.43152	0.8074868	6.336799e-05	1006.2692468166351
106	-380.33047	65.03766	-241.3319	-556.92664	79.0	-169.08305	80.207054	8.684555	-267.5503	1070000	-0.00790767	1491.1299	-0.00019515678	-333.6473	0.80593735	6.8529065e-05	1014.4481582641602
107	-385.45154	61.53304	-266.75064	-585.74976	79.0	-160.03012	79.907364	9.802856	-267.7859	1080000	-0.033696055	1241.2671	-0.00046392018	-245.53879	0.81215715	4.0280767e-05	1022.7128624916077
108	-379.68768	59.566494	-219.0553	-538.54663	79.0	-161.82101	80.89628	9.81652	-268.24927	1090000	-0.0051397327	1380.2488	-0.00018352689	-294.2011	0.80916685	0.00010177316	1032.544875383377
109	-397.11102	58.3653	-228.02293	-550.57043	79.0	-160.39565	80.775894	8.114846	-268.01114	1100000	-0.017589975	1454.837	-0.0002181856	-334.71057	0.8121964	1.9756451e-05	1040.850370168686
110	-381.94797	68.34041	-173.67213	-662.97754	79.0	-167.7872	80.79237	8.1281595	-268.9314	1110000	-0.0016483641	1617.2646	-0.00023956917	-341.49658	0.8140217	-1.433722e-05	1050.0302147865295
111	-393.75305	64.70529	-268.48798	-610.54114	79.0	-161.6632	79.82573	8.186806	-269.08444	1120000	-0.017183822	1592.471	-0.00036516762	-343.81693	0.81218696	-8.888773e-05	1058.3872606754303
112	-381.48364	53.981323	-253.0972	-559.1893	79.0	-165.84457	80.467186	6.721307	-269.64243	1130000	-0.010114007	1208.9247	-0.00023108628	-301.36676	0.800177	-0.00016706246	1066.5840125083923
113	-386.3695	57.802204	-260.14273	-547.6527	79.0	-162.17703	79.190056	13.255648	-269.59097	1140000	-0.020159423	1225.7942	-0.00042387377	-264.6834	0.8112216	0.00027742295	1075.0383613109589
114	-383.97675	63.33247	-222.2626	-598.8452	79.0	-161.27776	80.94981	13.315095	-270.15042	1150000	-0.0072849095	1368.0647	-0.0001699194	-282.96463	0.80689853	7.028719e-05	1083.15793967247
115	-380.45544	64.94229	-227.58298	-580.34393	79.0	-162.77032	81.803246	10.482965	-270.12976	1160000	-0.012435058	1489.7349	-9.55062e-05	-298.14038	0.802516	-0.00018351071	1091.58242726326
116	-397.5555	55.6702	-281.86392	-595.78143	79.0	-160.47687	79.56524	5.163697	-270.34366	1170000	-0.02855194	1369.1107	-0.00017881248	-461.83826	0.80848217	0.0001161306	1100.249801158905
117	-386.69318	69.81268	-175.35907	-614.327	79.0	-170.402	82.22059	12.281349	-271.67358	1180000	0.006730087	1682.9048	-0.00023487117	-441.35034	0.81220436	-5.3400378e-05	1109.312977552414
118	-379.99167	59.02223	-258.72495	-621.2654	79.0	-163.48657	81.42886	8.3980055	-272.44296	1190000	0.0048350934	1405.6951	-0.00023631868	-392.19537	0.8172267	6.558986e-05	1117.8362917900085
119	-392.2031	60.587837	-266.1924	-603.172	79.0	-159.4709	80.02538	8.343767	-272.64108	1200000	-0.021885814	1406.5771	-0.0003861664	-361.0415	0.8056836	4.8588263e-05	1125.9468703269958
120	-381.873	57.868557	-252.86629	-520.5111	79.0	-165.5914	81.82463	8.3912525	-273.76654	1210000	0.0016727787	1404.1936	-0.00022661686	-303.89615	0.79575455	-7.519355e-05	1134.797131538391
121	-383.5741	65.33303	-206.50179	-521.07996	79.0	-161.50587	80.72566	7.1718554	-272.81754	1220000	-0.010069133	1503.801	-0.00039919093	-293.749	0.82113326	-8.8806184e-05	1143.0940520763397
122	-382.3535	60.737877	-226.19952	-494.16223	79.0	-160.85747	80.15124	7.5501485	-267.4023	1230000	-0.028039258	1438.3782	-0.00034721315	-332.36932	0.8262674	4.513381e-05	1151.397845506668
123	-384.8528	57.544437	-253.70471	-530.751	79.0	-159.49632	80.04731	5.2527614	-274.11304	1240000	-0.041839153	1318.835	-0.00046153483	-277.22015	0.80586076	0.00021577707	1159.7990367412567
124	-380.84897	68.387184	-185.71237	-647.08594	79.0	-161.20364	79.61043	13.363037	-274.9966	1250000	-0.021819957	1602.1398	-0.00042995438	-279.64008	0.7765451	-3.2090706e-05	1169.0825197696686
125	-382.12247	73.21828	-235.55559	-677.8161	79.0	-165.89568	80.960144	7.222405	-275.61697	1260000	-0.0105491	1746.1047	-0.00016460009	-326.19037	0.7992411	0.0002729996	1177.3996086120605
126	-388.1425	63.815407	-208.0584	-590.84406	79.0	-160.97424	80.34373	5.3299623	-275.86404	1270000	0.013374668	1585.615	-0.0001501115	-405.20383	0.79528886	0.00031817157	1186.0922400951385
127	-376.75684	66.210175	-232.39255	-640.5833	79.0	-163.52443	83.37305	6.101269	-277.13223	1280000	-0.011485744	1597.8682	-0.000120258424	-358.74506	0.7700621	3.9776925e-05	1194.8752295970917
128	-376.89948	69.464195	-188.6718	-582.1756	79.0	-160.65303	80.50525	9.622012	-275.53558	1290000	0.010840414	1738.8022	-4.964415e-05	-332.55814	0.78399986	-0.000100938814	1203.27543258667
129	-384.9277	63.228134	-232.08904	-538.24084	79.0	-159.6815	80.58098	4.572065	-274.6169	1300000	-0.01686525	1492.3915	-0.00024429848	-344.8955	0.74915063	1.8200026e-06	1211.4035384654999
130	-377.7109	73.130455	-162.46564	-636.4208	79.0	-165.60907	82.16552	3.615201	-276.78333	1310000	-0.018340297	1892.371	-0.0005269147	-400.80127	0.80119467	-0.00012887083	1219.6337261199951
131	-378.3951	61.29512	-232.01059	-516.2239	79.0	-159.16258	79.224625	12.140562	-277.48804	1320000	-0.021695457	1402.6722	-0.00043527078	-344.5547	0.7679452	0.00020574333	1228.3613543510437
132	-397.0177	66.239044	-214.84229	-585.6182	79.0	-160.43198	80.6989	6.7930393	-278.44678	1330000	-0.008816779	1630.3569	-0.00019274605	-436.12405	0.7900437	0.00019149738	1236.5164880752563
133	-385.73004	67.91431	-248.21863	-639.0609	79.0	-170.07394	83.76183	13.909971	-279.9049	1340000	0.007378306	1799.2007	-0.00042022642	-405.26025	0.79527473	9.653318e-05	1245.7293438911438
134	-380.9394	64.7148	-249.10559	-585.6378	79.0	-159.43785	81.09581	11.945968	-279.95944	1350000	-0.0184293	1315.9863	-0.00020089449	-274.79572	0.75611925	0.0002040407	1254.0552432537079
135	-374.38016	62.625393	-241.76183	-561.96985	79.0	-163.11118	78.822845	2.518062	-280.91364	1360000	-0.009532675	1398.3625	-0.00010219379	-254.76758	0.78390837	1.9549992e-05	1262.2544603347778
136	-378.3353	76.42444	-182.74995	-612.36035	79.0	-159.83708	78.297005	7.0797606	-280.44803	1370000	-0.012710795	1859.3562	-0.00041418336	-342.61835	0.8006201	0.00029649536	1270.5568463802338
137	-373.3902	58.39343	-225.00905	-535.43756	79.0	-159.61038	78.6372	9.388345	-281.30093	1380000	-0.017384063	1304.204	-0.00051028933	-301.479	0.77265835	2.5864098e-05	1278.767507314682
138	-380.52365	70.27013	-184.62184	-569.855	79.0	-161.13293	81.915115	3.8853006	-280.4784	1390000	-0.014572822	2045.3091	-0.00038512796	-487.51865	0.78214896	0.0003698812	1288.0725066661835
139	-373.53262	65.61884	-184.00969	-590.89386	79.0	-162.5873	80.57018	4.3950496	-274.56436	1400000	-0.006750241	1439.6033	-1.27821695e-05	-310.9059	0.7602833	-9.53375e-05	1296.3164064884186
140	-379.5241	71.59032	-239.40312	-652.0193	79.0	-158.98323	79.4961	8.816624	-272.7437	1410000	-0.0135419	1965.198	-0.00019524153	-520.50916	0.7815889	0.00019915316	1305.2451066970825
141	-384.71332	65.88278	-244.25981	-557.0276	79.0	-160.64896	80.44366	7.9948525	-282.40384	1420000	-0.013383861	1633.2788	-0.00020707026	-402.10156	0.77775365	-3.4833502e-06	1313.8536126613617
142	-385.81348	63.608715	-251.79866	-561.49493	79.0	-163.6027	81.17051	9.481407	-279.92776	1430000	-0.034875363	1636.7358	-0.00043479912	-401.73853	0.77501607	0.000109320594	1321.9240453243256
143	-371.02505	65.0841	-229.44269	-563.7563	79.0	-162.17035	82.323135	11.468048	-283.5376	1440000	0.009916212	1564.4849	-0.00015351782	-392.07043	0.74904263	-2.3299226e-05	1330.2192597389221
144	-369.0506	70.930244	-213.96536	-604.8	79.0	-157.68098	80.03877	5.008878	-274.12808	1450000	-0.016200278	1824.3331	-0.00015375111	-386.03357	0.76287687	0.00016307065	1338.4667403697968
145	-375.60995	69.96017	-228.3232	-617.20087	79.0	-157.70532	77.11164	19.612875	-275.465	1460000	-0.0069300546	1667.7102	-0.00011745615	-357.77362	0.74128205	2.9108305e-06	1347.790983915329
146	-390.10886	75.05458	-214.13324	-608.93054	79.0	-160.68826	79.856705	14.0231905	-284.3728	1470000	-0.0052682646	1854.4294	-0.00021625496	-472.9391	0.7377081	2.7666878e-05	1356.4015142917633
147	-381.75238	63.80703	-166.19246	-570.23126	79.0	-163.56544	83.21794	11.704491	-285.8262	1480000	-0.02927804	1460.9313	-0.00030541257	-405.56488	0.7528445	-1.9231566e-05	1364.651034116745
148	-373.2565	59.837723	-233.08963	-574.79736	79.0	-162.22162	80.74712	2.5484705	-286.88226	1490000	-0.018202376	1313.58	-0.0002202345	-296.8807	0.74899507	7.997078e-06	1372.8831725120544
149	-380.26016	66.33552	-218.05916	-572.57227	79.0	-160.1057	79.517334	11.225124	-286.32584	1500000	-0.0036892872	1567.3369	-0.00017056428	-349.49908	0.75415283	5.557782e-06	1381.1667203903198
150	-371.94992	65.1883	-204.74358	-588.23126	79.0	-159.06696	80.07051	5.2873297	-286.0529	1510000	-0.035142273	1384.3767	-0.00021515414	-239.47713	0.74088424	0.00010102417	1389.4355857372284
151	-385.68454	77.38531	-232.21228	-665.4486	79.0	-159.23994	79.63191	5.4206147	-286.43958	1520000	7.261522e-05	1835.3713	-0.00017192215	-351.07837	0.75290835	4.235629e-05	1397.553352355957
152	-379.73083	66.57011	-242.65884	-594.62006	79.0	-160.7503	82.846214	6.522504	-287.64066	1530000	-0.004536474	1569.1399	-0.00019762386	-323.082	0.7358277	-5.4909895e-05	1406.0344994068146
153	-368.62006	56.76053	-263.11276	-545.7604	79.0	-160.77222	80.74313	11.542208	-286.53735	1540000	-0.027223967	1196.6318	-0.00031432055	-282.24823	0.72503674	1.6448927e-05	1414.3249175548553
154	-383.33826	67.51647	-204.51178	-553.5743	79.0	-159.81001	77.418976	6.598872	-288.0004	1550000	-0.0054404754	1611.3994	-0.00029233622	-380.53955	0.76716125	7.843459e-05	1422.480595111847
155	-378.9056	64.918816	-206.3852	-547.4213	79.0	-160.15437	80.98837	7.701223	-288.04855	1560000	-0.013797055	1370.1255	-0.00012837816	-327.22784	0.746091	2.1430056e-05	1430.6351370811462
156	-380.5366	69.46819	-239.27016	-617.76105	79.0	-162.70547	82.32889	7.8805265	-288.87006	1570000	-0.002130041	1822.0994	-6.0482882e-05	-443.17337	0.75528216	5.5529883e-05	1438.9432654380798
157	-366.81943	60.111374	-240.28658	-536.4333	79.0	-158.51965	82.57281	6.4641943	-280.99207	1580000	-0.021385932	1474.3474	-0.00021960936	-397.46277	0.7447651	-2.354689e-05	1447.2876069545746
158	-387.50336	63.67746	-198.41	-591.22675	79.0	-156.18938	76.93782	8.404976	-270.42905	1590000	-0.019692244	1638.0868	-0.00016396935	-466.37347	0.751464	-5.4367178e-05	1455.3191375732422
159	-379.89178	59.64424	-211.27475	-555.17865	79.0	-161.10153	80.7956	5.7826023	-283.40442	1600000	-0.0093267	1406.3857	-0.00017993758	-313.48486	0.7339892	0.00010198406	1463.6992528438568
160	-368.10046	68.77168	-233.69968	-564.4354	79.0	-164.24825	81.45265	7.813204	-283.06552	1610000	-0.014249093	1686.7898	-0.00020534685	-451.87247	0.7429148	-2.6449905e-05	1473.0210661888123
161	-372.1736	62.369167	-237.48587	-523.8607	79.0	-156.74014	77.87615	0.9449382	-281.7672	1620000	-0.0010929098	1464.2549	-0.00016770279	-374.35474	0.7404545	4.4238343e-05	1481.0765783786774
162	-380.81146	67.54416	-202.8978	-575.14874	79.0	-157.30264	79.80955	8.274435	-278.03543	1630000	-0.031073514	1684.5009	-0.0003495933	-400.76642	0.7580216	7.757541e-05	1489.1858053207397
163	-361.8437	67.33237	-181.1173	-541.3988	79.0	-161.18619	81.98459	-0.5245633	-284.12988	1640000	-0.0028465297	1766.4631	-0.0003352221	-475.4756	0.7570703	6.1398e-05	1497.423142671585
164	-373.20496	65.54223	-166.387	-545.557	79.0	-152.65083	77.1938	7.9726076	-276.99567	1650000	-0.012592301	1500.5	-0.00036941422	-340.89758	0.7592362	6.2963976e-05	1505.4339666366577
165	-378.48904	62.563435	-241.3634	-569.7574	79.0	-158.72266	77.476524	11.850026	-286.175	1660000	-0.019153511	1552.7102	-0.0006259328	-468.54004	0.7457812	0.00013932551	1513.7871458530426
166	-378.4811	62.513836	-237.42984	-586.5578	79.0	-160.01955	79.25115	3.115365	-293.52155	1670000	-0.00848903	1465.5809	-3.109558e-05	-346.27234	0.74109125	4.3579028e-05	1521.8623406887054
167	-374.48544	58.221836	-215.24078	-590.0123	79.0	-160.735	79.12238	4.579195	-281.7397	1680000	-0.026175076	1394.2617	-0.00014934369	-293.43405	0.7461617	4.8512957e-06	1530.6185612678528
168	-381.90994	68.13268	-209.5887	-611.2076	79.0	-160.3823	79.732124	5.9658766	-281.3748	1690000	-0.022713507	1466.8009	-0.00023746397	-345.4306	0.7671628	-2.8835375e-06	1538.8624861240387
169	-368.37387	64.1457	-214.10077	-527.5657	79.0	-160.71704	81.05992	7.5740633	-296.0834	1700000	-0.009606637	1500.544	-0.00028833468	-338.75256	0.74294233	0.00011184149	1547.3144912719727
170	-375.76074	69.84141	-246.60406	-597.02216	79.0	-158.22603	78.60515	7.8215837	-280.0829	1710000	-0.031681277	1735.2306	-0.00017473381	-461.46786	0.75805897	4.9512204e-05	1555.8347117900848
171	-388.81256	64.00601	-199.13182	-565.49194	79.0	-159.39717	80.036354	9.607342	-287.46204	1720000	-0.009714257	1542.3031	-0.0004766928	-361.48657	0.7539127	2.2256976e-05	1563.9923202991486
172	-372.66595	61.09571	-233.95573	-511.6807	79.0	-164.56023	81.442024	9.961737	-294.68622	1730000	-0.0023052224	1425.457	-8.7881526e-05	-436.4847	0.7444743	4.386787e-05	1572.100683927536
173	-366.45908	57.565186	-214.63289	-598.805	79.0	-156.99817	80.63427	18.210718	-295.429	1740000	-0.026499204	1354.45	-0.00057563	-325.42126	0.767457	2.1341482e-05	1580.2048134803772
174	-376.68738	63.82944	-211.3429	-650.81775	79.0	-154.05542	77.66417	16.119051	-270.07074	1750000	-0.011205349	1491.1438	-0.0001087198	-326.80566	0.7608256	-4.0907566e-05	1590.0775508880615
175	-368.28748	60.34568	-224.2702	-533.10583	79.0	-158.33713	79.35143	12.944	-284.29575	1760000	-0.010460662	1399.4187	-0.00032504834	-314.579	0.76155263	5.4188982e-05	1600.8968884944916
176	-371.43222	64.562546	-203.93806	-557.8879	79.0	-155.76413	78.583084	5.51089	-276.67563	1770000	0.0025374116	1724.942	-0.00015289616	-426.1077	0.7604886	-1.5781716e-05	1610.0114886760712
177	-377.3969	66.85382	-168.94943	-538.36127	79.0	-155.9305	78.27234	2.5795012	-286.50928	1780000	-0.019550527	1467.6855	-0.0003094311	-350.54712	0.7445923	4.5835433e-05	1618.4736034870148
178	-374.7017	70.38541	-236.57826	-561.5692	79.0	-159.29718	79.901566	5.7273445	-300.4537	1790000	-0.010883168	1644.4043	-0.00028683618	-411.43912	0.74828684	5.0955347e-05	1626.6998579502106
179	-373.5492	58.83821	-216.7479	-551.6809	79.0	-161.27695	82.0922	10.598303	-301.77982	1800000	-0.010858083	1501.7749	-0.00017890101	-415.68634	0.7623327	9.898367e-05	1634.8417530059814
180	-380.0473	65.27994	-258.02417	-642.959	79.0	-159.30397	78.87253	3.7635708	-290.2599	1810000	-0.032880545	1365.984	-0.00032516266	-295.40704	0.755886	9.8224074e-05	1643.900267124176
181	-363.76877	51.09974	-201.74464	-487.94186	79.0	-159.4739	80.909996	3.8463407	-302.52335	1820000	-0.011571824	1310.0293	-0.00029717246	-404.76184	0.77429706	3.972686e-05	1653.2382493019104
182	-373.77548	63.221622	-236.32178	-523.3846	79.0	-155.9223	77.74648	-2.588616	-279.5114	1830000	-0.03337648	1465.0393	-0.00010229528	-341.8338	0.7638192	0.00010745334	1661.3623504638672
183	-361.24844	59.288303	-237.49199	-511.7186	79.0	-158.9325	80.572845	6.9302816	-288.7459	1840000	-0.04689345	1353.6167	-0.0004372659	-320.27994	0.7840996	0.0005375334	1669.501751422882
184	-372.9299	63.671894	-233.19032	-586.5079	79.0	-152.20912	75.15999	11.360745	-287.70972	1850000	-0.035293534	1530.0072	-0.00046649846	-396.92877	0.76297665	0.00023286621	1677.7719283103943
185	-370.91666	71.37856	-253.02939	-653.4206	79.0	-160.5444	79.94772	2.192966	-303.54794	1860000	-0.020380646	1607.5063	-0.00032359362	-317.7789	0.7640007	0.0005410916	1685.8631510734558
186	-368.41318	61.53636	-200.79039	-572.5672	79.0	-156.01588	78.6574	2.606995	-299.46484	1870000	-0.010381173	1469.8843	-0.00015052129	-336.02942	0.72666264	9.3814815e-06	1694.0605664253235
187	-363.5039	66.65317	-196.1469	-581.53986	79.0	-154.37372	78.003044	5.1448383	-277.95715	1880000	-0.037148315	1575.456	-0.00013890117	-346.21677	0.7499474	2.7669537e-05	1702.308916568756
188	-363.9622	59.856804	-250.92339	-602.4686	79.0	-152.29956	77.295616	3.6191988	-280.90918	1890000	-0.0059475563	1313.5215	-0.0002301829	-262.71313	0.7317691	-8.429373e-05	1711.633756160736
189	-378.2174	56.821415	-231.49359	-551.4242	79.0	-154.11934	76.52699	4.124583	-270.99176	1900000	-0.024088139	1234.9956	-0.00024303909	-314.96475	0.73221993	-3.4988385e-05	1719.73006606102
190	-364.69293	62.471214	-184.53136	-578.9565	79.0	-160.57175	80.42009	2.3435059	-289.41864	1910000	-0.029181842	1439.7665	-0.00031919777	-301.32623	0.74707365	-6.2124454e-06	1728.09539437294
191	-362.20987	60.10325	-231.69449	-518.4174	79.0	-152.6201	76.74326	8.149946	-283.69843	1920000	-0.018181738	1361.1543	-0.00019921875	-266.17624	0.7213189	3.9228726e-05	1736.3774993419647
192	-366.06717	59.807545	-215.135	-547.55237	79.0	-155.46722	76.86772	3.0568686	-281.82654	1930000	-0.023358777	1399.406	-0.00032016588	-257.73798	0.7341739	3.2062588e-05	1744.5126736164093
193	-360.24045	60.573193	-223.70816	-543.377	79.0	-152.79263	77.64431	16.654423	-282.969	1940000	-0.021967217	1149.0793	-0.00014746655	-234.97252	0.7191586	-1.3761373e-05	1752.6256902217865
194	-363.97253	64.64947	-182.01553	-547.2747	79.0	-151.5232	77.56523	2.5817103	-278.91415	1950000	-0.003978803	1422.2633	-0.00031818496	-300.1903	0.73780817	0.00016608257	1760.8275072574615
195	-370.74142	65.557686	-198.99976	-621.6508	79.0	-151.86896	78.692924	4.3638887	-277.8988	1960000	-0.047566596	1437.4277	-0.00030433945	-473.22522	0.7270426	2.4230638e-05	1769.5599539279938
196	-375.15417	64.19539	-178.88727	-553.1433	79.0	-159.28334	81.201744	1.895062	-304.81738	1970000	0.0003060531	1601.9906	-4.425086e-05	-429.5987	0.7533288	-3.9221435e-05	1777.6234815120697
197	-361.94556	68.105835	-218.95367	-575.3173	79.0	-158.14502	78.05473	12.043158	-281.20786	1980000	-0.038843	1550.3336	-0.00018035877	-288.45737	0.74551105	5.5759796e-05	1785.966044664383
198	-367.14996	61.777386	-203.67508	-592.2525	79.0	-154.94992	76.58032	0.7182579	-269.4044	1990000	-0.023991458	1328.8103	-0.0002861172	-246.9358	0.71787727	-2.1279986e-05	1794.11172580719
199	-367.5354	68.72005	-241.71173	-620.621	79.0	-158.86868	77.86396	10.00877	-278.65387	2000000	-0.004005311	1688.55	-5.9722457e-05	-389.58615	0.7388557	5.483108e-05	1802.4478352069855
200	-365.6485	64.52384	-249.18105	-685.47107	79.0	-154.41154	79.15164	19.487358	-282.62866	2010000	-0.021984886	1409.3845	-0.00020037452	-278.84872	0.73033684	4.0624167e-05	1811.4251704216003
201	-368.3757	68.20131	-211.45142	-612.1322	79.0	-155.12108	76.806885	11.085266	-284.67963	2020000	-0.02954012	1559.82	-0.00023211469	-330.74002	0.72613126	4.0680567e-05	1819.6144545078278
202	-364.28107	63.98561	-201.10687	-578.4142	79.0	-158.49	77.42989	9.376157	-277.06982	2030000	-0.0161618	1400.8413	-0.00018938491	-329.378	0.7337122	-7.5325497e-06	1828.1041097640991
203	-365.4944	52.82054	-245.31126	-533.0553	79.0	-154.36583	77.43944	11.316582	-286.93457	2040000	-0.015728466	1068.1677	-0.00017742324	-243.46886	0.72716635	4.651539e-05	1836.3922929763794
204	-359.3585	64.38012	-219.8745	-553.2407	79.0	-155.06781	75.61963	11.028421	-286.62927	2050000	-0.012244895	1312.6118	-0.0003780406	-308.51642	0.7177765	8.228659e-05	1844.431160211563
205	-370.16513	64.367744	-232.80553	-606.6171	79.0	-152.92708	75.99273	9.826214	-294.25555	2060000	-0.015784696	1728.2444	-0.00017310272	-466.0447	0.72314644	-1.600521e-05	1852.615342617035
206	-365.6592	60.960033	-190.85884	-546.30585	79.0	-155.58925	78.63216	8.217115	-286.5909	2070000	-0.037629675	1391.3193	-0.00025099143	-332.226	0.73283553	5.8779988e-05	1860.826915025711
207	-357.08078	58.482754	-216.29764	-518.53076	79.0	-153.68274	77.35438	23.704638	-269.66803	2080000	0.0028924718	1276.3042	-0.00021647103	-284.09567	0.69568974	7.7649005e-05	1869.175530910492
208	-368.50403	65.08615	-234.16711	-538.7659	79.0	-151.2171	76.09079	11.014524	-271.02747	2090000	-0.021855107	1382.2085	-0.00015832484	-341.34512	0.71915054	3.6001584e-06	1877.4861280918121
209	-359.96768	64.436134	-164.54108	-571.0557	79.0	-156.87352	79.51982	9.263614	-295.79575	2100000	-0.0149885565	1500.3877	-0.00032490585	-436.83936	0.7063992	-2.3897377e-05	1886.0350465774536
210	-361.99332	60.308475	-229.686	-551.70184	79.0	-152.24586	75.73546	15.330349	-284.01413	2110000	-0.009303883	1299.5042	-0.00027634902	-307.1521	0.7263248	0.0001077487	1894.9332797527313
211	-371.8194	70.10208	-210.41872	-592.9106	79.0	-152.2757	77.01146	5.846387	-293.20468	2120000	-0.01190781	1566.206	-0.00020024664	-343.11267	0.71568334	6.7955494e-05	1903.118849515915
212	-375.83588	59.610268	-194.253	-594.46014	79.0	-157.03741	78.83133	12.449296	-293.63373	2130000	-0.012536749	1392.1091	-0.00020106556	-407.8153	0.7108216	9.8805336e-05	1911.3239979743958
213	-365.8823	63.516598	-209.6186	-597.1123	79.0	-158.7494	79.17518	3.960516	-295.5046	2140000	-0.027370444	1246.3372	-0.00027348363	-276.54517	0.69741064	0.00010141763	1919.6516082286835
214	-361.09723	59.812588	-211.05698	-534.95935	79.0	-158.17715	78.71487	14.717077	-294.4995	2150000	-0.014336381	1222.1624	-0.00023119093	-263.64008	0.71873623	0.00011215094	1928.1020767688751
215	-355.6094	60.175915	-220.13472	-531.3024	79.0	-151.5438	76.35703	1.2704892	-285.64505	2160000	-0.0028824154	1343.8665	-0.00044828653	-351.1247	0.69037724	0.00016626898	1936.345017671585
216	-363.15234	57.128857	-248.01445	-562.5949	79.0	-149.45546	75.876114	2.9234376	-273.85803	2170000	-0.010063386	1289.4972	-0.0004080357	-398.04892	0.70660675	0.00030082226	1944.7574858665466
217	-364.08774	63.65685	-245.8304	-624.8909	79.0	-154.5956	78.121635	1.1983757	-291.67514	2180000	-0.03723478	1277.7678	-0.00010023615	-338.786	0.71442825	5.0797316e-06	1953.4182181358337
218	-365.15253	63.754425	-209.50493	-550.8558	79.0	-158.98997	79.96497	12.704788	-305.26166	2190000	-0.017053233	1649.4885	-0.00018191244	-436.05396	0.7478523	0.00010801465	1961.637279033661
219	-367.6554	62.847847	-221.43895	-561.30865	79.0	-155.63058	75.95276	68.21923	-278.0184	2200000	-0.017629556	1438.5171	-0.00038139988	-361.2437	0.7306712	8.465527e-05	1969.8307983875275
220	-371.39142	62.11954	-209.77328	-582.34045	79.0	-154.869	76.46855	1.5716677	-290.54886	2210000	-0.022285085	1320.4795	-0.00040204404	-274.37988	0.71118796	0.00015250768	1979.2953538894653
221	-372.4172	56.853172	-231.09836	-489.27475	79.0	-155.59819	78.222984	7.225586	-299.08875	2220000	-0.037537895	1113.4448	-0.0003485768	-239.03046	0.7109805	-7.275825e-05	1987.4721586704254
222	-366.72418	64.000786	-210.32732	-590.3566	79.0	-159.64178	79.47318	-1.2620091	-290.51315	2230000	-0.004330199	1434.252	-0.00025114976	-324.52692	0.7072679	-6.478354e-05	1995.767275094986
223	-360.66348	59.2762	-233.98636	-540.5188	79.0	-153.86568	77.7474	0.81949854	-286.6182	2240000	-0.019345094	1279.8862	-0.00032861112	-279.44556	0.71091485	-5.0809e-05	2003.855575799942
224	-359.7178	60.10977	-251.70802	-647.3682	79.0	-153.31097	76.21049	7.8027277	-269.56525	2250000	-0.0083333645	1307.1677	-0.00023945095	-298.68588	0.7050849	-2.1878144e-05	2012.6371128559113
225	-361.4233	58.38977	-149.08907	-571.44946	79.0	-150.32492	76.02565	11.6957245	-276.17703	2260000	-0.017715182	1275.1962	-0.00014732103	-290.79224	0.69470656	-5.7863257e-05	2020.9501163959503
226	-361.16827	54.62055	-196.31212	-490.24826	79.0	-153.68062	77.407364	12.773544	-283.93713	2270000	-0.011614766	1235.973	-0.0002480168	-287.13223	0.6993271	5.35519e-05	2029.045367717743
227	-351.42377	66.34081	-212.88191	-543.1075	79.0	-153.34642	75.483406	11.15044	-274.99774	2280000	-0.0035485337	1538.374	-0.00033314526	-377.93402	0.7083771	0.0001029418	2037.2258219718933
228	-363.506	63.207962	-231.68225	-585.28564	79.0	-148.35112	74.658005	14.587743	-310.3674	2290000	-0.0063053374	1496.6648	-0.00021192817	-495.76074	0.72213453	3.000422e-05	2045.3858428001404
229	-364.595	64.77362	-210.57881	-585.50555	79.0	-152.93233	77.872696	8.069543	-317.95532	2300000	-0.010124166	1451.559	-0.00027556578	-373.64243	0.7141328	0.00011623507	2053.6118292808533
230	-352.9922	59.85646	-219.94904	-559.3153	79.0	-152.99615	76.79095	4.312884	-318.664	2310000	-0.025369456	1277.4341	-0.00017240178	-308.52768	0.7057195	9.6000585e-05	2062.275237083435
231	-365.2713	68.03823	-209.60204	-599.79706	79.0	-150.85464	76.23077	9.162703	-306.20395	2320000	-0.00078864396	1644.5911	-0.0005286373	-436.1873	0.7139597	0.00023531778	2070.962579727173
232	-358.70984	61.829338	-235.93935	-558.44415	79.0	-154.71487	77.01513	5.5035367	-303.84937	2330000	-0.008180841	1437.3689	-0.0002131915	-369.98462	0.7036196	3.939872e-05	2079.267376422882
233	-360.92447	62.59006	-212.51805	-553.348	79.0	-151.47818	76.91064	9.936251	-291.86783	2340000	-0.022040017	1365.7347	-0.00021061907	-307.34195	0.7126466	4.879858e-05	2087.415715932846
234	-357.18512	60.797127	-238.7967	-561.0943	79.0	-151.36902	76.6269	5.094929	-291.02576	2350000	-0.018082269	1476.2036	-0.00017386023	-387.6098	0.724336	2.7428838e-05	2095.5575754642487
235	-352.76675	66.70615	-197.82901	-530.80884	79.0	-152.29732	76.5409	4.8421645	-313.91388	2360000	-0.023467746	1563.3812	-0.0006540505	-431.49463	0.7074487	-0.000119018245	2103.805811882019
236	-370.62186	69.34568	-229.3406	-553.8916	79.0	-150.36662	74.67202	5.0576763	-286.7917	2370000	-0.029546838	1833.9973	-0.0006677881	-582.2162	0.7220858	0.0005673471	2112.009429216385
237	-369.50333	67.05497	-216.96468	-582.3844	79.0	-155.91202	79.542564	1.1094937	-302.2877	2380000	-0.024337096	1374.3555	-0.00017384905	-286.80444	0.6966461	0.00017436268	2120.1782166957855
238	-356.76062	55.550804	-202.72412	-539.7216	79.0	-155.07838	79.187614	16.871689	-304.70905	2390000	-0.016407948	1347.0564	-0.00023688376	-479.45435	0.69108856	0.00031922085	2128.742501974106
239	-360.92526	58.919216	-237.3046	-610.296	79.0	-151.31635	75.90679	4.208849	-278.19388	2400000	-0.025089145	1265.2777	-0.00016717333	-287.29086	0.68634176	3.9683895e-05	2136.997923374176
240	-361.6202	61.38919	-215.39394	-540.23315	79.0	-155.8139	77.93402	16.0771	-270.8319	2410000	0.0078057796	1528.3557	-0.00017437804	-368.3493	0.68817836	0.00011339463	2145.82541513443
241	-362.57553	65.2754	-187.08418	-555.23834	79.0	-151.66148	77.229195	12.180386	-269.6607	2420000	-0.016093824	1680.8105	-0.0001984844	-352.6692	0.6750392	0.00013416292	2153.9985134601593
242	-362.3504	63.570858	-184.94144	-599.8659	79.0	-154.46342	75.233185	18.532063	-271.91168	2430000	-0.012153482	1466.2809	-0.00028058887	-310.36295	0.68213785	0.00014171813	2162.222524166107
243	-356.16483	64.25642	-183.84036	-535.292	79.0	-153.89888	76.36735	14.924859	-266.87793	2440000	-0.020489547	1453.0256	-0.00049833744	-387.3848	0.68593526	0.00027677004	2170.208176136017
244	-350.0942	61.221138	-224.76471	-517.4103	79.0	-151.1172	75.844765	12.017785	-302.32797	2450000	-0.020607848	1377.4514	-0.00058077433	-284.79193	0.6898149	0.00036910363	2178.319307565689
245	-357.6788	72.67024	-236.40582	-620.3221	79.0	-149.8383	75.44024	7.1411734	-297.45407	2460000	-0.02308643	1713.2007	-0.00031391252	-413.0633	0.6881211	0.00018021648	2186.8009254932404
246	-348.82626	57.12361	-196.85345	-559.79474	79.0	-154.67593	76.794365	6.709182	-288.48288	2470000	-0.016183222	1429.6919	-3.6407728e-06	-509.81628	0.7060396	-0.0001392879	2195.8693339824677
247	-360.00058	59.75397	-232.36426	-577.1186	79.0	-147.74487	72.118126	5.2564855	-290.5182	2480000	-0.02214212	1385.9843	-0.00043940358	-365.63757	0.6996149	0.00027398672	2204.124960422516
248	-352.9639	61.976913	-204.14757	-496.9111	79.0	-155.71672	75.906845	6.379625	-283.6554	2490000	-0.018294	1645.7662	-0.00027957652	-491.79355	0.699391	0.00044435644	2212.6114552021027
249	-347.51794	67.62264	-202.78343	-572.8816	79.0	-150.89113	74.34249	13.449497	-273.0353	2500000	-0.031260937	1826.9236	-0.00028698938	-467.67517	0.7110454	0.0001004059	2220.79430603981
250	-357.89578	57.01389	-227.96654	-498.7348	79.0	-146.72379	73.364235	15.480684	-287.9782	2510000	-0.026224377	1322.5558	-0.0003016598	-348.79153	0.7120875	9.5414114e-05	2229.0876960754395
251	-359.33472	60.791862	-217.99818	-565.353	79.0	-151.90097	75.3701	9.616769	-292.2657	2520000	-0.011621453	1242.3333	-0.0002893093	-250.42342	0.7075947	0.00018843844	2237.4540708065033
252	-348.72858	61.387688	-148.94453	-561.49146	79.0	-154.68062	76.57372	4.584946	-292.42145	2530000	-0.014286928	1504.8312	-0.0005841474	-379.1847	0.70481944	-7.513548e-05	2245.7024943828583
253	-362.1129	64.83044	-203.12515	-557.0165	79.0	-147.03958	73.055916	8.800554	-284.00815	2540000	-0.036736876	1568.2131	-0.0011536975	-459.4663	0.69205755	0.00043040878	2254.3787705898285
254	-348.73798	64.43359	-170.71251	-506.7717	79.0	-155.535	78.7534	11.238832	-302.11624	2550000	-0.013495134	1560.2739	-4.5367517e-05	-392.47028	0.6723537	-7.323439e-05	2262.4846572875977
255	-358.20493	59.421505	-220.33136	-526.6037	79.0	-148.67609	74.7335	5.563991	-276.2015	2560000	-0.025708633	1290.3457	-0.00014809892	-284.83432	0.6786766	0.00040043422	2270.562497138977
256	-360.37598	73.87693	-238.27892	-589.2928	79.0	-151.7557	75.61414	4.3367743	-285.40326	2570000	-0.013268322	1542.985	-8.6647924e-05	-358.77048	0.6723283	0.000377445	2278.6820526123047
257	-359.87405	64.024254	-242.22752	-580.9713	79.0	-153.55914	77.57873	5.8086634	-300.6855	2580000	-0.020806551	1425.127	-0.00034382846	-330.10693	0.6675625	0.00049643515	2286.8003284931183
258	-358.6933	67.86027	-179.4088	-567.58795	79.0	-153.65703	76.27431	6.4057193	-293.67426	2590000	-0.032549117	1536.2905	-0.0006654579	-330.12402	0.66505694	0.00014700675	2295.021265029907
259	-357.9622	68.22037	-209.54471	-553.898	79.0	-154.2974	75.69581	9.130989	-301.93146	2600000	-0.01893108	1536.2688	-0.00026685977	-364.66602	0.65541947	0.00026489745	2303.4627001285553
260	-356.78818	59.897247	-225.12743	-504.67184	79.0	-152.78783	77.57859	10.914013	-284.4809	2610000	-0.028373893	1414.2689	-8.035079e-05	-283.9042	0.6343756	2.7876988e-05	2313.175088405609
261	-353.5237	65.732086	-158.16864	-582.9084	79.0	-152.15251	75.20985	4.974373	-288.63202	2620000	-0.0038164295	1446.2091	-0.0001621558	-316.65826	0.62771195	-0.00010428933	2321.327205657959
262	-352.53693	56.292194	-252.58733	-494.02435	79.0	-149.38797	76.2263	9.877466	-274.17224	2630000	-0.011458901	1290.5741	-0.00048835704	-345.7836	0.6356939	-3.8052734e-05	2329.455885887146
263	-352.31332	64.46925	-189.86215	-507.55035	79.0	-151.26947	74.87864	13.32612	-276.16113	2640000	-0.009669317	1481.0497	-0.00060330797	-347.51324	0.6263402	0.00029489672	2337.6983275413513
264	-357.03125	62.46876	-235.55627	-586.47125	79.0	-152.3511	74.38056	23.399876	-273.07648	2650000	-0.01854673	1507.8094	-0.00020896085	-431.39136	0.6255892	0.0005623045	2345.909913778305
265	-361.66003	63.884796	-245.17819	-610.4575	79.0	-153.18794	78.27831	13.014547	-278.22858	2660000	-0.018286157	1428.4702	-0.00070103654	-352.4994	0.6427833	6.4805325e-05	2354.203008890152
266	-348.8399	62.365803	-212.1082	-540.123	79.0	-151.9479	76.681595	5.8855987	-291.76038	2670000	-0.035783578	1314.496	-0.00026393263	-369.67487	0.6376798	5.160313e-06	2362.3161244392395
267	-355.2434	55.605476	-234.12782	-522.0621	79.0	-148.94647	74.50804	2.2257829	-316.5452	2680000	-0.0137925465	1122.2463	-0.00056330464	-314.2802	0.6389735	0.0004183594	2370.858553171158
268	-347.9739	58.742844	-238.41075	-529.2842	79.0	-149.61475	75.21503	14.447578	-298.0314	2690000	-0.012948334	1355.1787	-7.9764985e-05	-335.29504	0.64212894	0.0003738838	2378.954423904419
269	-354.07553	62.752346	-185.04025	-533.3456	79.0	-147.3615	73.62373	4.2234926	-275.63666	2700000	-0.02215508	1425.3734	-0.00049750274	-364.89957	0.65638566	0.0006098554	2387.0271015167236
270	-352.61404	64.769485	-167.44499	-592.67426	79.0	-149.9573	75.15114	15.073236	-282.76657	2710000	-0.034176804	1451.979	-0.00015259424	-338.4353	0.6441822	0.00037006382	2395.088173866272
271	-349.51822	60.539593	-217.84175	-548.5959	79.0	-149.02794	75.690796	13.356528	-303.6221	2720000	-0.013097631	1456.2861	-2.8921466e-05	-354.4685	0.6538819	-1.7150996e-06	2403.1613285541534
272	-347.62344	59.09059	-192.52301	-535.2659	79.0	-147.81366	73.629425	12.406462	-277.42633	2730000	-0.018893242	1142.9204	-0.0003214134	-249.80708	0.6459134	0.000119887976	2411.295582294464
273	-359.97134	73.539024	-226.28001	-569.893	79.0	-149.84137	72.65648	6.2581906	-295.3157	2740000	-0.0088927895	1681.7179	-0.0002636956	-458.95776	0.63729197	-9.459283e-06	2419.538058280945
274	-351.70038	58.31889	-236.08797	-562.30396	79.0	-148.59769	75.8352	10.218118	-300.59198	2750000	-0.022722907	1370.5338	-0.00018482389	-392.1972	0.6457987	0.00013030646	2428.4222626686096
275	-355.28204	60.204544	-218.64218	-488.67273	79.0	-148.2578	74.55163	2.9598193	-285.10474	2760000	-0.005659908	1386.4712	-0.0005753692	-343.47058	0.6360775	-2.6514237e-05	2436.788111925125
276	-354.031	64.48879	-199.2729	-496.29834	79.0	-151.52171	74.37878	2.0132933	-277.80994	2770000	-0.029328091	1456.7063	-0.00024070521	-342.89948	0.6257173	-0.00012043999	2444.890640735626
277	-352.79077	69.22815	-223.0037	-556.5516	79.0	-151.74333	77.761826	2.0800157	-294.13922	2780000	-0.015607508	1583.1423	-0.0001305961	-311.1498	0.639601	0.00031342308	2453.103604078293
278	-357.53708	65.56178	-178.93651	-541.53674	79.0	-148.31516	77.28227	3.3236976	-292.5148	2790000	-0.018237092	1507.3217	-0.00021463816	-364.1493	0.6325959	-4.6112713e-05	2461.3048605918884
279	-348.78244	63.53524	-197.04454	-578.6026	79.0	-153.22916	75.25872	4.4827228	-281.63718	2800000	-0.020958688	1368.007	-0.0005617095	-305.77393	0.62794876	0.0003406119	2469.51904797554
280	-344.9653	55.36833	-226.71027	-521.6194	79.0	-148.04568	75.58177	3.5237365	-291.12512	2810000	-0.020028697	1503.3969	-0.00019095652	-526.2562	0.61674356	0.000287436	2478.698976278305
281	-346.78195	61.558594	-219.35919	-524.79083	79.0	-147.2719	72.84457	1.5040374	-264.88086	2820000	-0.0041678753	1378.874	6.1976025e-06	-389.89856	0.6028031	6.439759e-05	2487.132368326187
282	-357.85245	60.653214	-221.71819	-503.23154	79.0	-145.90378	74.53286	1.9045248	-287.92252	2830000	-0.028789781	1374.9927	-0.00029317988	-319.56073	0.61673075	-0.00010964042	2495.2722301483154
283	-352.27905	68.03966	-206.48807	-534.863	79.0	-152.70099	76.20612	1.3945951	-274.09793	2840000	-0.025794206	1445.1338	-0.0002336232	-274.62933	0.6127496	-2.6482288e-05	2503.3484647274017
284	-342.5892	60.02392	-201.58224	-527.4664	79.0	-152.4416	76.07907	3.2734294	-281.38034	2850000	-0.019077756	1505.9113	-0.00031413324	-370.66196	0.61194277	0.00046811352	2512.157209634781
285	-346.50775	64.74332	-228.4003	-553.3304	79.0	-146.28955	71.66313	3.1886778	-267.866	2860000	-0.023523914	1514.2803	-0.00051345956	-255.20587	0.60810673	0.00046748418	2521.9997680187225
286	-354.4317	63.414417	-194.23222	-623.616	79.0	-146.16272	73.08607	2.3394046	-267.11673	2870000	-0.031193618	1415.6699	-0.0005327244	-374.6347	0.6118492	0.00054951524	2530.1221277713776
287	-364.923	63.587296	-205.58125	-562.1511	79.0	-149.35326	74.059006	1.2742958	-272.66263	2880000	-0.0058569135	1397.9551	-0.0002508572	-340.67572	0.6014407	-0.0001802099	2538.3919003009796
288	-344.99554	61.131145	-183.89409	-547.03894	79.0	-151.91966	76.227196	-0.71328163	-284.17734	2890000	-0.050608873	1406.4147	-0.00033242907	-405.4157	0.6121747	0.00014988598	2547.151983976364
289	-354.16437	62.91381	-205.12947	-523.26404	79.0	-146.85413	74.634705	3.80974	-263.37946	2900000	-0.023306113	1596.4714	-0.00012404448	-381.68292	0.6106401	0.00016198476	2555.62135887146
290	-342.82013	52.931366	-218.22217	-521.1943	79.0	-148.68182	73.58248	-0.27932596	-273.98868	2910000	-0.013701729	1139.7493	-0.0008832542	-254.13223	0.6295542	0.00055452436	2564.07017660141
291	-352.1936	59.428852	-221.4209	-526.91205	79.0	-146.69594	72.13737	6.715879	-249.83812	2920000	-0.01747588	1256.2843	-0.00086662406	-289.95984	0.6147953	0.0009139952	2572.3345053195953
292	-346.83157	59.419468	-197.22885	-530.5821	79.0	-150.08183	75.97527	3.1738544	-274.6894	2930000	-0.007330549	1209.5978	-0.00012728595	-274.31174	0.6277319	0.00017566132	2580.473999977112
293	-344.06534	58.3376	-211.1181	-496.88797	79.0	-146.19646	75.363556	2.8909268	-283.74493	2940000	-0.035790138	1181.9861	0.00011493941	-201.64206	0.65083015	0.00024813542	2588.66797375679
294	-347.29025	57.05469	-194.61223	-474.21146	79.0	-145.14272	74.47703	32.84224	-267.26355	2950000	-0.020183627	1260.5284	-0.0001122118	-241.03693	0.6358696	0.0001275294	2597.148450613022
295	-357.41882	61.659	-247.83772	-552.36316	79.0	-147.00145	74.429054	-1.7563777	-256.6329	2960000	-0.035538286	1233.391	-7.0752576e-05	-328.29388	0.63175416	4.3468677e-05	2605.3747658729553
296	-359.47845	64.95205	-217.88818	-605.58026	79.0	-152.28398	77.55537	1.6404481	-288.4996	2970000	-0.0287046	1319.5017	-0.000324497	-287.98456	0.6352445	7.330234e-05	2614.359934568405
297	-346.7524	63.27641	-202.20992	-614.49084	79.0	-151.05891	74.92334	5.443247	-275.9977	2980000	-0.03905193	1305.188	-0.00064664613	-316.58862	0.63501775	0.0003894585	2622.535122156143
298	-337.5525	59.940086	-205.74066	-531.63544	79.0	-144.9596	75.61269	8.782669	-280.91458	2990000	-0.023846295	1218.9998	-0.0005919542	-325.61102	0.62964666	0.0007562626	2631.2047550678253
299	-353.41046	64.087425	-215.40556	-580.164	79.0	-145.23766	72.04472	8.503142	-283.54868	3000000	-0.010695305	1514.9902	-0.00042536762	-507.91302	0.6400605	0.000315245	2640.1997740268707
