Epoch	AverageEpRet	StdEpRet	MaxEpRet	MinEpRet	EpLen	AverageVVals	StdVVals	MaxVVals	MinVVals	TotalEnvInteracts	LossPi	LossV	DeltaLossPi	DeltaLossV	Entropy	KL	ClipFrac	StopIter	Time
0	-566.6405	69.34981	-323.88486	-721.8156	79.0	0.09629382	0.5336172	1.9043459	-1.3797747	10000	8.692344e-09	68353.34	-0.0056451834	-6452.1	1.0494477	0.02201719	0.39195678	3.0	4.297897577285767
1	-547.17786	53.73908	-386.04193	-670.2413	79.0	-14.221511	0.3095763	-10.6429825	-14.369469	20000	5.8673322e-08	57602.48	-0.018201036	-2338.362	1.1299651	0.014663845	0.19557822	79.0	9.344268083572388
2	-525.1661	67.414604	-373.6735	-676.40125	79.0	-19.955767	0.16503294	-17.046425	-20.020767	30000	1.3286869e-07	51680.66	-0.017082969	-2013.8893	1.1448083	0.0152242705	0.1492597	59.0	13.310623168945312
3	-507.1525	54.531853	-372.68106	-655.6919	79.0	-25.17361	0.1656488	-21.456594	-25.217148	40000	-5.9604645e-08	46345.49	-0.018574877	-1807.459	1.1722554	0.009896771	0.15006001	79.0	18.40279483795166
4	-498.544	59.057022	-337.5679	-624.807	79.0	-30.130264	0.17235237	-26.496881	-30.168726	50000	4.718701e-08	43285.49	-0.022208042	-1682.1224	1.1430502	0.012881078	0.18697478	79.0	22.606330156326294
5	-474.63437	62.239857	-300.9692	-632.82574	79.0	-34.947956	0.15457581	-31.209972	-34.986576	60000	3.7252903e-08	37216.84	-0.0062839836	-1474.0365	1.1583226	0.013497792	0.1537615	7.0	26.484575033187866
6	-471.3712	59.97637	-336.7817	-658.9437	79.0	-39.3858	0.77134144	-28.329443	-39.556103	70000	-7.947286e-08	35123.81	-0.01889498	-1419.8727	1.182505	0.015634337	0.12464986	63.0	30.235108137130737
7	-444.65738	66.314995	-212.05905	-589.3618	79.0	-42.877697	4.483577	-4.6515007	-44.05226	80000	-6.45717e-08	29817.844	-0.020301115	-1227.8363	1.1898059	0.008826851	0.14045618	79.0	35.04468631744385
8	-427.05713	52.712162	-272.8695	-561.96985	79.0	-46.242935	7.419674	1.3932774	-48.324467	90000	-1.0803342e-07	25375.963	-0.020978695	-1065.1768	1.1368086	0.01280133	0.14235695	79.0	39.78552985191345
9	-425.90234	62.34873	-243.50243	-590.4714	79.0	-49.823086	8.738023	6.2990236	-52.375713	100000	1.1796753e-08	24334.22	-0.020155327	-1023.21515	1.1170126	0.008363004	0.13855542	79.0	44.568671464920044
10	-408.66473	55.16899	-244.62753	-547.74506	79.0	-53.345543	10.017974	4.781772	-56.397938	110000	6.581346e-08	21471.537	-0.018868376	-924.36945	1.0717913	0.0110526895	0.12855142	79.0	49.99473977088928
11	-402.2047	55.80241	-256.83813	-558.44116	79.0	-56.64352	11.070834	8.889105	-60.28613	120000	8.6302556e-08	19489.496	-0.021269493	-861.404	1.0298095	0.010466379	0.1282513	79.0	53.929709672927856
12	-392.48703	57.116722	-237.60487	-551.62634	79.0	-60.022747	12.29219	27.648058	-64.08683	130000	-1.3007472e-07	17465.693	-0.02089747	-779.48846	1.0333507	0.011913657	0.13405363	79.0	58.79248023033142
13	-387.54224	60.423492	-252.36293	-536.842	79.0	-63.066387	13.44878	22.761293	-67.76272	140000	2.7318796e-08	16339.751	-0.019606438	-750.3742	0.9858312	0.008045664	0.09603842	79.0	64.83930444717407
14	-383.61505	56.74466	-244.45653	-548.9525	79.0	-66.06312	14.863746	25.136948	-71.401665	150000	-2.9802322e-08	14952.18	-0.022710806	-683.326	0.9807687	0.0119494	0.14135654	79.0	70.25917053222656
15	-366.87112	66.36012	-196.12729	-596.7683	79.0	-68.99497	15.699302	16.743818	-74.94148	160000	-7.698933e-08	12971.19	-0.022846282	-593.48126	0.9675643	0.010152996	0.1287515	79.0	76.5794529914856
16	-373.43332	65.37339	-224.61752	-625.2249	79.0	-71.45028	17.095724	25.65849	-78.27506	170000	5.0912302e-08	12890.043	-0.023074457	-613.24335	0.9338443	0.009480472	0.12845139	79.0	80.68891286849976
17	-364.8889	56.12536	-187.07982	-558.9513	79.0	-74.556244	17.962416	16.759134	-81.69342	180000	-7.4505806e-08	11512.547	-0.020666668	-580.47833	0.90027875	0.007821024	0.11234494	79.0	85.95313811302185
18	-370.107	61.726013	-247.4655	-546.7533	79.0	-77.58348	18.592653	22.382566	-85.05674	190000	4.5945246e-08	11481.242	-0.023706848	-560.12744	0.8823757	0.012382497	0.12535013	79.0	90.47412776947021
19	-345.27817	58.345833	-197.45152	-512.1342	79.0	-80.05226	20.048523	12.815069	-88.420845	200000	-5.7121117e-08	8722.491	-0.02246995	-439.07242	0.84747577	0.010397763	0.11204482	79.0	95.15680456161499
20	-351.31866	60.091	-193.10474	-581.3725	79.0	-82.54703	20.517345	11.941574	-91.44847	210000	-3.7252903e-08	8860.911	-0.022008782	-458.80264	0.83442134	0.010460536	0.118447386	79.0	99.91319060325623
21	-349.95386	59.992363	-203.14911	-505.15005	79.0	-85.2763	21.648294	36.19876	-94.551956	220000	-4.718701e-08	8526.899	-0.020999841	-451.69516	0.82737106	0.011261363	0.10354141	79.0	104.57183480262756
22	-335.55325	64.23663	-189.3509	-526.23016	79.0	-87.48966	23.448824	18.185411	-97.70151	230000	1.7384687e-08	7185.858	-0.022283718	-386.33057	0.7865165	0.009090055	0.10714286	79.0	109.97871470451355
23	-336.20294	64.755806	-185.16678	-497.49402	79.0	-88.771965	24.900286	17.37365	-100.56355	240000	1.800557e-08	6723.6562	-0.02211532	-366.01083	0.75508565	0.011490813	0.10404161	79.0	113.82291984558105
24	-326.9951	61.78538	-200.78091	-496.97864	79.0	-91.12177	25.940357	20.765318	-103.379395	250000	5.7121117e-08	5685.8335	-0.021513926	-299.87534	0.75668883	0.010829321	0.11554623	79.0	119.49132442474365
25	-324.45837	58.476467	-161.11667	-492.59305	79.0	-92.92004	26.504097	25.765295	-106.00542	260000	-4.4703484e-08	5223.641	-0.021711608	-300.19873	0.7408185	0.01004709	0.12174871	79.0	123.79766941070557
26	-328.95813	62.314133	-198.75534	-490.3785	79.0	-95.49025	27.18314	21.810043	-108.61919	270000	6.208817e-08	5347.6553	-0.022918075	-315.81592	0.7128835	0.013664021	0.11344538	79.0	128.40311408042908
27	-320.1389	63.971107	-150.58379	-485.0773	79.0	-97.046104	28.261393	24.326086	-111.28493	280000	5.525847e-08	4698.3394	-0.021405475	-277.8923	0.70901054	0.010787532	0.111044414	79.0	134.12581586837769
28	-312.8391	61.602867	-190.02423	-535.9872	79.0	-99.06213	29.091991	21.920286	-113.82284	290000	-6.208817e-08	3974.0334	-0.021304669	-255.474	0.69261235	0.008829837	0.09853941	79.0	139.33548879623413
29	-316.44406	53.33251	-196.85042	-474.46118	79.0	-99.406166	30.692053	9.247631	-116.158516	300000	-7.947286e-08	3870.9968	-0.02123584	-270.18832	0.67056775	0.01234549	0.11044418	79.0	143.49119448661804
30	-310.7126	57.25888	-169.3903	-485.90228	79.0	-102.52071	30.914267	16.58564	-118.58407	310000	6.7055225e-08	3382.1887	-0.022089822	-210.47493	0.66931343	0.01154285	0.109343745	79.0	149.1397361755371
31	-322.23492	65.95486	-158.34404	-522.5563	79.0	-104.20917	31.273296	22.97242	-120.82892	320000	-3.4769375e-08	4082.9656	-0.019425748	-276.95312	0.6740289	0.009076536	0.0992397	79.0	153.2173409461975
32	-300.41425	57.236595	-180.66608	-493.2466	79.0	-105.580734	32.63983	17.316841	-123.33753	330000	-2.7318796e-08	2652.1594	-0.020719184	-193.13991	0.6602976	0.008701487	0.09183673	79.0	157.93092918395996
33	-306.97086	53.774464	-140.49377	-430.86264	79.0	-105.70507	33.778187	16.842686	-125.270195	340000	6.2088173e-10	2757.3508	-0.020080274	-211.99689	0.65772456	0.0100146225	0.10104042	79.0	162.32753491401672
34	-295.22888	59.792145	-170.13339	-479.0364	79.0	-107.65384	34.161263	10.384748	-127.37846	350000	6.208817e-09	2399.9412	-0.022818753	-179.81805	0.61173075	0.011774316	0.11314526	79.0	166.52345776557922
35	-295.94778	65.86073	-171.66553	-533.0097	79.0	-107.72276	34.982185	5.9354534	-129.18198	360000	9.934108e-09	2533.259	-0.021679379	-204.1306	0.61561924	0.0102424	0.10284114	79.0	170.99353957176208
36	-296.81577	67.056404	-167.03265	-445.43988	79.0	-108.63627	35.826225	17.916586	-131.02887	370000	-4.4703484e-08	2404.138	-0.022787526	-202.81213	0.60311437	0.013779524	0.11884754	79.0	175.79109144210815
37	-282.0513	56.71384	-166.25833	-438.35098	79.0	-109.4899	36.416664	28.759995	-132.87386	380000	-9.934108e-09	1717.6035	-0.020754516	-154.59862	0.6059322	0.009735638	0.100440174	79.0	181.5134253501892
38	-288.9689	59.49628	-152.34079	-446.28677	79.0	-109.03075	37.498653	14.140482	-134.31488	390000	1.4901161e-08	1787.3682	-0.02150382	-160.4434	0.58568895	0.007320594	0.10204082	79.0	186.3060131072998
39	-273.16403	55.135674	-169.26396	-444.02274	79.0	-110.01398	37.383717	20.616419	-135.88226	400000	1.4901161e-08	1402.6656	-0.021804752	-133.19765	0.5654724	0.009993416	0.10434174	79.0	190.2544481754303
40	-287.71735	64.74651	-166.83678	-455.1166	79.0	-110.21934	37.668545	10.84641	-137.1158	410000	3.228585e-08	1925.5013	-0.020567017	-187.78246	0.56994003	0.008399705	0.09343737	79.0	195.13644361495972
41	-278.69675	62.922443	-176.49419	-552.3449	79.0	-112.011154	39.15137	19.611261	-138.73462	420000	1.4901161e-08	1620.3007	-0.021444326	-154.63542	0.55441445	0.01196446	0.109643854	79.0	199.53241539001465
42	-278.93378	59.084213	-160.86765	-481.56888	79.0	-112.98157	39.46122	27.542068	-140.13972	430000	4.346172e-08	1537.334	-0.021097617	-173.71056	0.55810016	0.0096554505	0.09343737	79.0	204.3695511817932
43	-269.12592	51.410236	-171.52452	-418.14713	79.0	-111.60399	40.54522	22.486528	-141.51604	440000	1.6142925e-08	1025.5697	-0.019864155	-102.57339	0.5431821	0.008201608	0.09793917	79.0	208.50802040100098
44	-272.37296	63.18832	-131.252	-540.91113	79.0	-113.71241	39.414413	42.174797	-142.64325	450000	-3.1975407e-08	1426.8506	-0.020146677	-144.19035	0.52589476	0.008480354	0.102641046	79.0	213.81618070602417
45	-255.28473	58.166286	-131.8263	-586.6873	79.0	-110.43175	40.689735	12.997077	-143.79391	460000	4.967054e-09	1078.2017	-0.022053512	-145.88231	0.49852845	0.01055576	0.096138455	79.0	217.70052242279053
46	-264.52994	51.641243	-162.03548	-425.63574	79.0	-112.41479	39.99422	22.923967	-144.59091	470000	-4.967054e-09	1017.668	-0.0208487	-129.45512	0.49573994	0.008953426	0.10404161	79.0	222.25479435920715
47	-259.64758	58.14757	-119.66817	-424.2755	79.0	-113.698105	41.182796	17.564226	-145.52344	480000	1.5522043e-09	1090.7946	-0.018769812	-164.31227	0.4781797	0.008507596	0.09553822	79.0	227.11662435531616
48	-257.3226	59.079292	-143.28485	-430.88925	79.0	-111.25507	41.134377	18.462128	-146.32355	490000	-7.450581e-09	1077.9359	-0.020959131	-149.64305	0.48404086	0.011825882	0.1092437	79.0	232.8671498298645
49	-261.33423	58.78203	-156.02728	-418.21692	79.0	-111.78313	40.71449	9.559372	-147.11594	500000	0.0	1087.776	-0.020566598	-149.05731	0.50366426	0.010296456	0.09313726	79.0	237.54946064949036
50	-250.37735	55.188793	-121.359505	-388.018	79.0	-110.03549	41.302494	12.662591	-148.1158	510000	2.2351742e-08	919.0944	-0.02041159	-127.06721	0.4640541	0.011035628	0.09863946	79.0	241.62771272659302
51	-240.15688	53.231747	-137.55817	-377.11572	79.0	-110.00329	41.49423	11.604361	-148.80937	520000	0.0	791.95013	-0.021184651	-140.22894	0.46279433	0.012324414	0.10784314	79.0	245.73663592338562
52	-243.25578	63.406322	-118.06989	-444.19186	79.0	-106.335434	41.405437	17.506453	-149.26659	530000	7.450581e-09	1035.8119	-0.020765185	-186.08684	0.47424185	0.010165278	0.10294118	79.0	250.3945107460022
53	-252.73962	65.06728	-115.46531	-460.23828	79.0	-106.63373	42.241432	4.8516197	-149.9244	540000	1.4901161e-08	1185.8715	-0.019677961	-215.61967	0.45852432	0.0073871687	0.09573829	79.0	255.19913506507874
54	-234.97475	61.005775	-105.33703	-425.29828	79.0	-109.867256	42.115734	15.392799	-150.72876	550000	2.9802322e-08	1005.1984	-0.021222318	-236.80513	0.45557365	0.012746319	0.108243294	79.0	260.0028872489929
55	-240.81184	58.631824	-112.61427	-477.34283	79.0	-105.46836	42.328186	20.40867	-151.24704	560000	-6.208817e-09	988.81085	-0.019397382	-207.11963	0.45850673	0.009813859	0.10354141	79.0	264.83834195137024
56	-231.9548	55.618855	-113.37729	-364.4146	79.0	-107.86615	41.33252	4.766088	-151.78043	570000	-1.2417634e-08	759.27216	-0.020220919	-154.5909	0.43752643	0.010688648	0.1027411	79.0	269.9687340259552
57	-238.3982	53.257084	-116.9315	-404.29715	79.0	-104.154434	41.91113	32.077232	-152.2494	580000	4.967054e-09	905.8577	-0.018756196	-249.24805	0.4478995	0.007085053	0.10334134	79.0	274.95703506469727
58	-219.51738	50.454132	-109.45434	-383.34927	79.0	-104.739136	41.985786	12.955291	-152.61829	590000	-2.483527e-09	926.7573	-0.019650018	-258.56992	0.4335226	0.01509643	0.1027411	78.0	279.9755220413208
59	-225.97447	52.328518	-106.9961	-363.63864	79.0	-100.33903	40.635742	11.661665	-152.6994	600000	-2.483527e-09	848.5003	-0.019369472	-217.12354	0.45390522	0.0068460326	0.09153661	79.0	286.2975504398346
60	-222.15758	54.551945	-97.347206	-370.84695	79.0	-100.82225	40.84606	18.541483	-152.98975	610000	-1.2417635e-09	799.3709	-0.019175166	-129.68791	0.41445827	0.011989619	0.09583833	79.0	291.6623647212982
61	-222.18553	51.962288	-107.564064	-380.0914	79.0	-99.95935	39.660908	5.3738866	-153.32274	620000	-7.450581e-09	651.19415	-0.019780759	-141.88039	0.4407977	0.0078575155	0.08773509	79.0	296.04250717163086
62	-216.47194	46.160458	-121.40057	-384.7043	79.0	-97.63124	39.817665	18.114676	-153.58481	630000	4.967054e-09	680.27716	-0.020827206	-144.02379	0.41946793	0.010817933	0.10514206	79.0	301.99924087524414
63	-223.32759	59.665882	-116.13098	-454.6225	79.0	-99.43479	39.248314	4.6304855	-153.66492	640000	-2.3593506e-08	975.1241	-0.020011973	-216.78218	0.44222817	0.010092183	0.09493798	79.0	306.3308582305908
64	-211.80356	46.406406	-127.291	-344.07037	79.0	-97.543976	40.42757	4.6495714	-154.1805	650000	-2.483527e-09	558.6486	-0.019541258	-129.63174	0.40385413	0.00963615	0.098839544	79.0	311.02663469314575
65	-216.34134	47.467094	-131.10144	-362.4604	79.0	-97.137665	39.37053	11.531272	-154.41444	660000	9.934108e-09	669.0704	-0.020700073	-128.47069	0.42605495	0.009265605	0.10134053	79.0	316.1993169784546
66	-213.0193	50.12767	-103.89809	-366.98233	79.0	-97.58252	40.38034	5.976926	-154.49104	670000	1.2417635e-09	681.17365	-0.020506	-139.80602	0.42663622	0.0082887085	0.10144058	79.0	320.8594501018524
67	-208.20354	53.172276	-107.27207	-341.45392	79.0	-95.26168	38.773716	17.58372	-154.74835	680000	-7.450581e-09	894.4821	-0.019481258	-190.05086	0.39683032	0.011127073	0.09953982	79.0	325.8976876735687
68	-206.80864	46.51559	-107.31167	-314.76782	79.0	-94.3358	38.715744	8.393987	-154.82214	690000	4.967054e-09	673.9274	-0.020315416	-167.86015	0.38703796	0.014335892	0.10604242	79.0	331.25685358047485
69	-204.96535	49.91431	-113.273415	-383.54675	79.0	-97.99647	39.886246	6.597967	-154.95479	700000	-1.1175871e-08	863.90643	-0.018874735	-218.37773	0.40001616	0.009610137	0.0987395	79.0	335.74143290519714
70	-192.42474	44.834023	-93.230125	-369.07086	79.0	-91.57006	37.60884	19.821487	-154.29427	710000	1.7384687e-08	683.61865	-0.020441553	-147.63097	0.38934278	0.012615575	0.11084434	79.0	339.5620596408844
71	-191.83356	39.60407	-105.40304	-320.9868	79.0	-88.61745	36.66734	9.47377	-152.44705	720000	0.0	599.5959	-0.018816894	-137.26193	0.3919393	0.011913251	0.0987395	79.0	343.89343643188477
72	-192.02312	40.63196	-108.29151	-283.4927	79.0	-86.87049	35.571278	4.090797	-154.51071	730000	1.4901161e-08	596.6109	-0.020067656	-153.21178	0.3747405	0.011825342	0.09463785	79.0	348.4472723007202
73	-186.94803	39.88239	-97.0716	-334.27863	79.0	-86.82346	36.599678	4.6392727	-152.64807	740000	0.0	615.751	-0.018093517	-151.46109	0.37127975	0.008970819	0.091236494	79.0	353.3132576942444
74	-188.74495	43.097694	-99.97622	-316.02124	79.0	-85.459206	35.520985	6.6172047	-153.92351	750000	-1.0554989e-08	713.0989	-0.018055096	-167.99498	0.37563455	0.008305653	0.09073629	79.0	357.3104889392853
75	-182.81126	42.21977	-101.825	-317.67834	79.0	-86.694	36.72976	6.9695106	-150.04356	760000	-2.483527e-09	685.0083	-0.018884765	-189.87163	0.38700342	0.007938813	0.09503802	79.0	362.17730474472046
76	-183.70653	40.877316	-99.910194	-293.41165	79.0	-83.76724	36.815987	4.3831143	-152.32388	770000	2.483527e-09	545.4919	-0.01783347	-125.07672	0.374146	0.010386429	0.09453782	79.0	366.49571657180786
77	-179.9788	41.25588	-88.319275	-338.46063	79.0	-81.13371	35.939297	11.55206	-148.47536	780000	-1.800557e-08	626.1235	-0.01900013	-130.296	0.38058552	0.009579619	0.10204082	79.0	370.61520504951477
78	-181.6021	41.68494	-114.000626	-304.5942	79.0	-81.640045	35.680714	4.085527	-147.71165	790000	-9.934108e-09	657.5854	-0.018272076	-135.82332	0.38133964	0.0065253302	0.09093637	79.0	375.4897232055664
79	-169.71962	36.970516	-75.94294	-279.49152	79.0	-81.14123	35.509148	5.1507096	-149.49644	800000	1.9868216e-08	529.9695	-0.019031888	-137.61739	0.38878906	0.010084639	0.09063625	79.0	379.7149934768677
80	-179.06105	41.211983	-93.1064	-359.5219	79.0	-76.997986	33.497803	9.19465	-139.79579	810000	1.9868216e-08	657.0975	-0.019993873	-172.73462	0.37505364	0.008456654	0.09573829	79.0	383.7135531902313
81	-170.94273	37.698433	-96.93551	-283.49753	79.0	-79.13974	35.305897	17.8653	-153.99593	820000	-7.450581e-09	520.60004	-0.017258605	-135.53831	0.37808278	0.010092829	0.099039614	79.0	388.60250902175903
82	-173.55585	39.185123	-104.605934	-317.13144	79.0	-75.252304	33.64904	17.142687	-141.49327	830000	0.0	610.5315	-0.019291565	-142.9241	0.34625196	0.008603923	0.08603442	79.0	392.97146582603455
83	-169.42241	35.609573	-97.210815	-279.65982	79.0	-78.5086	33.64956	-0.11275864	-150.2239	840000	-4.967054e-09	528.2395	-0.018698387	-144.11415	0.35385108	0.010338094	0.096838735	79.0	397.42617440223694
84	-158.11526	35.611202	-84.21809	-247.5338	79.0	-74.91678	35.372692	7.017812	-146.01837	850000	1.4901161e-08	498.57407	-0.016761586	-160.78017	0.34194025	0.009927821	0.0857343	79.0	402.1191885471344
85	-165.55096	34.372894	-89.56546	-285.18927	79.0	-69.94604	33.03226	7.3147407	-137.45683	860000	0.0	500.5282	-0.017709894	-131.9912	0.35749936	0.007562971	0.09383753	79.0	406.8983371257782
86	-164.14821	40.146717	-83.855194	-289.4632	79.0	-72.73627	33.63018	8.197857	-136.13715	870000	-2.4835268e-08	500.75732	-0.016794039	-94.13245	0.34918138	0.011768908	0.09243697	79.0	412.6735095977783
87	-166.97679	42.900944	-99.51692	-330.07016	79.0	-72.29082	33.122047	9.432751	-129.38701	880000	-5.5879354e-09	636.9673	-0.017035658	-123.80656	0.36324093	0.009964676	0.09343737	79.0	418.0730834007263
88	-164.46962	36.829098	-96.84635	-291.0274	79.0	-72.34845	33.518524	5.6062546	-135.40942	890000	2.483527e-09	522.9656	-0.019338137	-117.82218	0.35719207	0.013314537	0.110244095	79.0	422.3280849456787
89	-162.07756	37.59428	-94.748245	-272.93393	79.0	-72.83461	33.48168	9.786306	-130.43983	900000	0.0	524.7519	-0.016832082	-76.54189	0.3623308	0.011546905	0.09563825	79.0	427.0596423149109
90	-160.601	37.33569	-95.32564	-292.64566	79.0	-71.41729	33.533943	8.580272	-130.42567	910000	3.7252903e-09	457.84875	-0.018051222	-85.918846	0.36031505	0.010361881	0.084933974	79.0	431.60986709594727
91	-159.2356	38.045998	-85.90334	-295.47964	79.0	-69.9621	32.62703	9.4340515	-137.44432	920000	2.483527e-09	486.90646	-0.018439386	-94.07715	0.35671887	0.007440295	0.08653461	79.0	435.6870872974396
92	-153.84355	38.394382	-77.5342	-315.7721	79.0	-67.78002	32.855717	10.410307	-137.19109	930000	4.967054e-09	523.3459	-0.018943848	-124.53397	0.352964	0.012932199	0.09583834	79.0	440.9507794380188
93	-156.9318	36.59133	-93.867805	-301.48947	79.0	-68.911674	31.777426	11.659555	-136.80472	940000	9.934108e-09	598.9493	-0.017393662	-139.9922	0.33821723	0.01053873	0.095338136	79.0	446.0461628437042
94	-163.61653	41.37973	-80.67087	-364.86398	79.0	-68.68942	32.605587	6.744237	-147.51053	950000	0.0	646.28735	-0.017456453	-144.03041	0.3488567	0.007693557	0.091936775	79.0	451.372531414032
95	-154.71902	36.76473	-90.87431	-270.31494	79.0	-70.025566	33.002262	3.2999675	-144.92528	960000	-2.483527e-09	550.285	-0.016971195	-111.33134	0.34456706	0.00969966	0.08183273	79.0	457.02095770835876
96	-150.6991	37.4952	-95.0261	-343.3217	79.0	-67.87798	32.348473	22.497768	-134.8681	970000	-1.7384687e-08	454.3247	-0.017721988	-93.3881	0.34044957	0.0100241	0.0880352	79.0	461.53915572166443
97	-154.29816	35.945625	-95.328125	-304.02942	79.0	-65.89641	31.455454	4.4360476	-145.20482	980000	2.483527e-09	458.95468	-0.018408017	-115.74945	0.3411746	0.009919008	0.09343737	79.0	466.11017370224
98	-151.93585	39.191364	-94.28056	-284.3604	79.0	-67.934746	31.922335	5.2149043	-130.77101	990000	-1.7384687e-08	563.2487	-0.017664151	-108.42887	0.34726143	0.005925674	0.08803522	79.0	471.25093626976013
99	-160.72966	36.84818	-81.86955	-272.20877	79.0	-66.35246	31.142956	2.471005	-124.66016	1000000	1.4901161e-08	575.0119	-0.017728338	-110.18162	0.33321965	0.014124714	0.09283713	79.0	476.6020758152008
100	-148.82698	34.003273	-82.52873	-232.84358	79.0	-69.63095	33.08467	2.3706405	-123.6695	1010000	2.483527e-09	429.44165	-0.015915299	-106.81219	0.32832313	0.007938366	0.077030815	79.0	482.27671909332275
101	-147.67873	31.652946	-87.63225	-276.0031	79.0	-65.262665	31.665123	4.062643	-124.03748	1020000	-4.967054e-09	410.66086	-0.017318202	-67.87127	0.3286077	0.0091642365	0.08963585	79.0	488.3520929813385
102	-149.56755	32.61409	-83.66287	-271.3654	79.0	-62.393463	31.058262	2.1586716	-115.476295	1030000	4.967054e-09	395.20517	-0.018823214	-73.84174	0.33495513	0.010266255	0.09233693	79.0	493.6311192512512
103	-147.75258	37.34818	-77.285675	-287.8309	79.0	-65.31266	30.5607	4.70325	-118.2275	1040000	-1.2417634e-08	523.922	-0.017695108	-87.92721	0.3422637	0.011080545	0.095338136	79.0	497.86407256126404
104	-150.42676	41.41088	-90.34644	-315.26935	79.0	-63.459034	30.534369	9.991107	-138.8012	1050000	-1.2417634e-08	569.868	-0.018328508	-134.26064	0.32923082	0.008077644	0.0857343	79.0	503.94271636009216
105	-143.36584	37.377617	-79.51804	-250.34143	79.0	-65.21883	32.751232	7.5012364	-148.18782	1060000	8.692344e-09	500.5764	-0.017543726	-148.50989	0.3190333	0.014430702	0.101040415	79.0	509.7470033168793
106	-152.32236	40.140434	-85.5332	-298.80722	79.0	-60.99625	30.814554	3.7549505	-150.26309	1070000	-1.1175871e-08	542.8651	-0.018536707	-138.16211	0.33027723	0.014183999	0.10284114	79.0	515.0065925121307
107	-146.89243	35.044456	-93.35068	-267.2869	79.0	-65.74337	32.680573	13.698378	-132.693	1080000	1.6142925e-08	480.08286	-0.018648943	-118.23708	0.329546	0.013848573	0.09663866	79.0	519.7119047641754
108	-145.0936	30.931442	-85.39458	-253.01787	79.0	-62.514454	32.083187	8.879755	-121.31009	1090000	-1.4901161e-08	422.87192	-0.017116046	-76.65487	0.32015112	0.008579875	0.085634254	79.0	526.0230486392975
109	-145.91486	38.840027	-88.64395	-276.6402	79.0	-62.01456	30.64824	12.497198	-121.07859	1100000	1.9868216e-08	571.0728	-0.017126223	-80.93779	0.32768017	0.0076571037	0.08433374	79.0	531.2943286895752
110	-141.9161	32.183968	-77.701836	-220.95625	79.0	-62.573273	30.37049	5.581661	-110.648636	1110000	-1.1796753e-08	427.77222	-0.017493052	-67.69189	0.31211898	0.009086523	0.08513405	79.0	535.3603827953339
111	-142.49132	35.727634	-83.37468	-304.5367	79.0	-61.04483	30.165728	3.8307624	-110.46836	1120000	-1.7384687e-08	426.71875	-0.019048216	-77.06451	0.3171302	0.010864305	0.08653462	79.0	540.18971991539
112	-142.6258	34.738895	-86.96511	-266.42816	79.0	-60.173695	30.249374	11.583267	-118.38349	1130000	1.3659398e-08	423.02127	-0.015906634	-64.1592	0.32675013	0.007402318	0.081332535	79.0	544.492817401886
113	-144.06725	38.303703	-77.747795	-316.16058	79.0	-60.32525	29.694128	1.9713638	-117.206276	1140000	1.2417634e-08	485.31348	-0.017179152	-89.222496	0.32200435	0.009048839	0.09033614	79.0	549.5942041873932
114	-139.35904	33.0432	-86.02899	-239.65704	79.0	-61.42985	31.538883	2.3701677	-123.07642	1150000	-2.2351742e-08	422.1511	-0.017960807	-101.002785	0.3269249	0.009328334	0.0887355	79.0	553.3608076572418
115	-139.30135	34.125103	-75.89522	-262.70016	79.0	-59.730766	29.698572	3.7019634	-111.72311	1160000	-1.4901161e-08	420.95078	-0.018410362	-85.63029	0.32311815	0.012077165	0.08893558	79.0	558.1576862335205
116	-139.71915	37.94708	-69.37086	-267.99704	79.0	-59.339336	29.792208	5.362196	-107.65797	1170000	-6.829699e-09	479.40732	-0.018494686	-83.00883	0.31924796	0.007837214	0.09013605	79.0	563.3379046916962
117	-138.4795	37.83042	-79.21303	-287.10388	79.0	-60.372055	29.828693	4.699214	-107.77942	1180000	-9.934108e-09	575.3378	-0.019411089	-116.81461	0.3223318	0.012282486	0.09203682	79.0	567.7584493160248
118	-139.71788	35.48804	-83.73258	-258.57617	79.0	-59.360443	29.221684	4.4593472	-113.69246	1190000	-6.208817e-09	494.3234	-0.018038174	-71.499275	0.32218894	0.014180678	0.09503802	79.0	573.0124480724335
119	-140.93497	38.01434	-82.32183	-312.87793	79.0	-60.988182	29.058315	3.3660479	-111.75947	1200000	2.173086e-08	533.12415	-0.017741727	-87.03011	0.31676242	0.0079588555	0.08583433	79.0	577.6142168045044
120	-143.57819	38.122177	-65.79837	-267.67056	79.0	-59.69526	30.982332	5.7875533	-110.69928	1210000	-3.7252903e-09	562.3334	-0.01927664	-94.31451	0.3182835	0.011425645	0.09183674	79.0	582.9521987438202
121	-140.14064	38.70745	-76.626205	-340.47244	79.0	-61.596157	29.926016	7.3664165	-109.64832	1220000	-9.934108e-09	515.7718	-0.018082839	-108.59982	0.32457015	0.0124518005	0.092637055	79.0	587.0378482341766
122	-137.50993	36.751373	-75.9138	-281.78302	79.0	-58.52587	30.37125	5.874724	-113.59554	1230000	7.450581e-09	502.39688	-0.017028563	-66.51107	0.30885327	0.009496926	0.08403361	79.0	591.4441728591919
123	-140.2402	35.367832	-82.07582	-244.82916	79.0	-58.58741	28.934217	1.5662246	-107.93758	1240000	-7.450581e-09	494.93896	-0.018326636	-80.26757	0.31378937	0.008669729	0.09033614	79.0	595.9395227432251
124	-136.81255	38.434578	-80.46142	-309.8415	79.0	-59.41753	29.152845	3.2389	-108.25462	1250000	2.483527e-09	530.83673	-0.015475623	-75.26869	0.30560806	0.009504979	0.08463385	79.0	600.0457193851471
125	-136.49107	31.14072	-76.26559	-244.17203	79.0	-57.332947	29.688288	2.805077	-119.01468	1260000	-1.4901161e-08	361.90625	-0.016828606	-63.889465	0.30996916	0.007928885	0.0842337	79.0	606.4992332458496
126	-133.7019	30.463276	-72.38101	-208.55565	79.0	-57.941765	28.914473	4.474183	-118.469986	1270000	-3.228585e-08	376.42648	-0.01719216	-61.621044	0.30761567	0.014093086	0.09253701	79.0	611.63485455513
127	-138.28679	40.70177	-78.34533	-355.64975	79.0	-57.045586	28.618774	4.3663616	-103.48002	1280000	-6.208817e-09	551.2242	-0.01815889	-139.88953	0.30741826	0.010891304	0.09013605	79.0	617.0369307994843
128	-136.58476	32.985744	-86.038086	-257.03552	79.0	-57.818226	30.100687	6.105011	-149.95457	1290000	1.9868216e-08	399.9825	-0.017596262	-76.62022	0.30863288	0.010513887	0.09243697	79.0	622.4749979972839
129	-134.54738	36.48557	-80.40372	-296.86456	79.0	-59.460392	30.576485	3.109154	-142.74347	1300000	7.450581e-09	458.13394	-0.016923191	-121.74349	0.29871655	0.010286537	0.0892357	79.0	627.3703227043152
130	-133.39508	34.73391	-70.2243	-258.24966	79.0	-56.587173	29.162258	9.242102	-137.72878	1310000	1.2417634e-08	463.19067	-0.017134577	-108.796265	0.30035445	0.008864238	0.080632254	79.0	632.1086909770966
131	-134.8853	38.045803	-61.33414	-280.6415	79.0	-56.766224	29.419992	3.482659	-146.1729	1320000	9.313226e-09	453.5287	-0.017178137	-88.891174	0.2930316	0.009045177	0.08453381	79.0	636.1632041931152
132	-135.33217	41.9583	-74.249756	-412.5872	79.0	-56.312088	29.68542	6.6539307	-141.18112	1330000	2.2351742e-08	591.5004	-0.017736102	-172.28412	0.29146174	0.013163035	0.09293717	79.0	641.7913484573364
133	-131.34654	30.784449	-65.32679	-241.37935	79.0	-56.785	30.250439	5.6328483	-150.3435	1340000	-1.2417634e-08	432.82825	-0.017509317	-100.95654	0.29129633	0.01326675	0.08863545	79.0	647.3558645248413
134	-130.1376	31.93738	-72.52371	-257.3929	79.0	-56.129463	28.710403	3.4101586	-114.11801	1350000	-1.4901161e-08	386.78198	-0.016728757	-72.86773	0.29451904	0.011034329	0.08173269	79.0	652.7377860546112
135	-132.68546	34.849655	-79.25576	-262.50372	79.0	-55.593067	27.551712	2.774069	-148.5045	1360000	-2.9802322e-08	426.16968	-0.017259559	-94.15525	0.29462612	0.009087557	0.08413365	79.0	656.9681956768036
136	-124.92581	28.492737	-66.30185	-219.86855	79.0	-56.509773	28.967077	-0.35471475	-142.96829	1370000	0.0	323.2878	-0.017384112	-77.93423	0.2876272	0.011107662	0.0832333	79.0	661.7567873001099
137	-128.2913	30.732258	-72.33573	-250.80083	79.0	-53.771435	26.764027	0.1984582	-102.77779	1380000	-1.2572855e-08	358.92993	-0.018443218	-76.64875	0.28589612	0.010197938	0.09213686	79.0	666.2508082389832
138	-129.77213	35.254093	-68.910355	-257.6941	79.0	-53.859055	27.048754	0.16402721	-114.40323	1390000	-2.3593506e-08	464.67773	-0.01726587	-91.84394	0.2924848	0.009612174	0.08363345	79.0	670.449809551239
139	-133.12233	35.4527	-72.71056	-245.16977	79.0	-55.745674	28.20765	3.0000203	-130.43219	1400000	-2.483527e-09	442.98825	-0.01733973	-61.986187	0.3082987	0.009006594	0.09013605	79.0	676.0208425521851
140	-131.94875	35.550716	-72.16532	-258.72952	79.0	-55.6305	29.234928	2.18037	-127.86078	1410000	-1.5522043e-10	440.59314	-0.017814383	-75.70231	0.29118776	0.009704968	0.08533413	79.0	680.8546106815338
141	-127.0424	36.197655	-68.60764	-253.51096	79.0	-56.13585	28.280384	4.6872997	-114.03456	1420000	2.2351742e-08	449.64682	-0.01723562	-87.47141	0.29489234	0.011405554	0.08993598	79.0	685.6513805389404
142	-124.15366	30.557055	-73.83858	-219.63016	79.0	-53.74024	27.409557	2.0239565	-131.26176	1430000	-1.9868216e-08	373.4294	-0.015657537	-69.95311	0.27344117	0.00863367	0.08113245	79.0	690.0584082603455
143	-122.5208	27.98141	-73.071754	-211.53885	79.0	-53.296356	26.987677	3.0432298	-118.105034	1440000	2.2351742e-08	320.45105	-0.017486768	-57.71213	0.27411428	0.01135322	0.08533413	79.0	695.4954655170441
144	-125.06886	28.693754	-73.89998	-210.93674	79.0	-52.347115	26.231367	3.510642	-96.70881	1450000	1.2417634e-08	324.9868	-0.017563261	-70.05012	0.28951105	0.010316168	0.08653462	79.0	700.0496537685394
145	-123.308716	30.376814	-78.163704	-272.5368	79.0	-52.280045	26.985369	3.1739376	-102.77329	1460000	8.692344e-09	380.31357	-0.01529641	-84.24146	0.27400115	0.008077153	0.08413365	79.0	703.8549077510834
146	-119.22919	27.816917	-72.370895	-241.11414	79.0	-51.930798	26.623266	1.4666033	-102.31076	1470000	-4.967054e-09	319.85013	-0.016580705	-68.94013	0.28358746	0.0130954	0.08953581	79.0	708.3480525016785
147	-125.494606	29.777224	-73.8097	-214.40334	79.0	-50.720432	25.970734	3.539044	-91.02217	1480000	-7.450581e-09	380.38196	-0.016706936	-70.532326	0.2775978	0.011421584	0.091136456	79.0	712.8813059329987
148	-127.12422	36.016354	-71.53414	-321.7983	79.0	-53.134655	26.70761	6.6339607	-103.86345	1490000	-2.483527e-09	496.9418	-0.018122943	-97.62726	0.2773793	0.010915675	0.08813525	79.0	718.1875796318054
149	-119.50382	31.146486	-56.45892	-271.5112	79.0	-53.277943	26.579458	2.038185	-103.41331	1500000	4.967054e-09	435.12045	-0.016362028	-82.45623	0.267736	0.00899578	0.07903162	79.0	723.699408531189
150	-122.966255	41.555607	-70.851494	-430.7792	79.0	-51.68918	25.897469	4.244005	-105.51031	1510000	1.1175871e-08	579.51776	-0.016659567	-134.4308	0.29387388	0.0111897485	0.09103642	79.0	728.5058221817017
151	-120.485054	26.424622	-70.96752	-204.80057	79.0	-51.26006	26.562984	2.942911	-129.54596	1520000	-2.1109978e-08	316.08936	-0.01644875	-65.513695	0.29197258	0.008576742	0.07893158	79.0	733.1882977485657
152	-119.15481	33.91349	-69.66911	-234.74417	79.0	-50.010693	26.513294	3.0761604	-99.61455	1530000	0.0	388.26132	-0.016588444	-45.339672	0.28589192	0.0097278105	0.08213285	79.0	738.404506444931
153	-117.56568	25.842873	-67.86569	-199.19571	79.0	-49.70617	25.261005	2.5273063	-112.032555	1540000	2.483527e-09	253.09123	-0.018186642	-47.42245	0.28137782	0.012719072	0.09163666	79.0	743.9091222286224
154	-120.03217	34.441807	-66.2111	-239.17947	79.0	-48.581703	25.717388	4.567732	-90.21584	1550000	-1.8626451e-08	396.29648	-0.01576746	-51.08496	0.27187473	0.011254292	0.07412965	79.0	747.7055666446686
155	-116.92979	26.82151	-68.46816	-192.82477	79.0	-49.371624	26.31616	3.8447263	-89.57864	1560000	4.967054e-09	251.63277	-0.018442517	-35.561775	0.27934852	0.012885526	0.084933974	79.0	752.9511773586273
156	-119.303925	33.129887	-71.64876	-217.46182	79.0	-47.831043	25.299128	3.36627	-87.7494	1570000	0.0	423.1652	-0.016662562	-68.62688	0.2824529	0.009234089	0.08733493	79.0	757.3157179355621
157	-117.34156	27.062014	-73.85748	-206.31633	79.0	-50.235332	25.908457	4.2289915	-94.55685	1580000	4.967054e-09	309.7068	-0.016615456	-70.68002	0.28962317	0.0127824815	0.08593437	79.0	761.5066142082214
158	-118.14946	29.985533	-70.97016	-223.21742	79.0	-48.510216	25.061054	15.500673	-133.00414	1590000	-3.4769375e-08	363.28293	-0.017750375	-74.2875	0.2761046	0.013345842	0.087535	79.0	766.0806958675385
159	-120.59502	36.412033	-53.02108	-303.72946	79.0	-50.02941	25.77857	3.7302356	-125.02261	1600000	1.7384687e-08	451.97507	-0.017472534	-94.316505	0.29189074	0.013789304	0.08673469	79.0	770.4491930007935
160	-115.584946	27.634127	-65.373436	-210.02959	79.0	-50.588074	25.556545	2.1522725	-129.97314	1610000	-3.7252903e-09	297.3837	-0.017540308	-74.485565	0.28666005	0.012381981	0.08763506	79.0	776.036050081253
161	-118.72375	32.25784	-64.85714	-247.71085	79.0	-49.222538	26.02632	1.7875519	-144.54115	1620000	3.7252903e-09	388.9646	-0.018759536	-75.21006	0.2805339	0.011242217	0.08793517	79.0	781.2869899272919
162	-111.872055	28.175194	-64.80546	-221.93286	79.0	-49.974716	25.247944	3.3596857	-114.27177	1630000	-6.208817e-09	332.74503	-0.016192647	-72.78965	0.27609065	0.010637497	0.08463386	79.0	786.1758763790131
163	-117.472145	34.506493	-56.388027	-329.62903	79.0	-46.777885	23.925283	0.76021767	-93.97482	1640000	0.0	446.84875	-0.01853845	-141.6827	0.28244433	0.011814855	0.09313726	79.0	791.0176496505737
164	-119.583786	35.951668	-57.336502	-241.38202	79.0	-50.18338	27.075495	3.8838732	-154.50887	1650000	3.1044085e-08	509.16855	-0.017311787	-128.83894	0.2806722	0.009298035	0.08213285	79.0	795.7123072147369
165	-116.30668	29.50881	-66.750916	-254.8612	79.0	-50.38813	25.502508	5.139562	-105.63485	1660000	4.967054e-09	315.6498	-0.01755582	-55.711414	0.27630603	0.010780558	0.08743497	79.0	800.3633651733398
166	-110.52634	29.904108	-54.81895	-236.73991	79.0	-47.87925	24.951694	4.056859	-98.724396	1670000	-7.450581e-09	304.00336	-0.018019719	-71.95532	0.2718956	0.012126383	0.08283313	79.0	805.3957622051239
167	-111.636536	29.473072	-58.19311	-240.45003	79.0	-45.450386	24.882532	4.7626576	-125.15275	1680000	2.8560558e-08	339.03015	-0.016022256	-53.6952	0.25425997	0.011282069	0.08293317	79.0	810.3842444419861
168	-114.9852	34.971207	-59.026825	-252.85583	79.0	-46.529243	25.23248	4.7895555	-96.613686	1690000	2.4835268e-08	467.41788	-0.016024344	-60.632324	0.26578915	0.009089089	0.08083233	79.0	814.8956673145294
169	-110.352554	33.782795	-63.957035	-276.39062	79.0	-49.364132	24.573229	9.514136	-97.36662	1700000	2.483527e-09	382.00162	-0.017023273	-86.504845	0.271595	0.0109477835	0.07382953	79.0	819.4340138435364
170	-111.43422	32.41705	-58.206367	-291.1663	79.0	-45.770058	24.692804	5.5537014	-104.770096	1710000	-4.967054e-09	380.6559	-0.0173626	-76.500046	0.2651168	0.009511486	0.07763106	79.0	823.2329773902893
171	-115.679	33.36942	-63.09983	-251.35077	79.0	-45.98336	24.444294	3.2500074	-133.21548	1720000	2.2351742e-08	423.5663	-0.019187016	-96.319496	0.2731313	0.011151866	0.08953581	79.0	827.776962518692
172	-115.57191	37.936497	-62.96875	-286.18896	79.0	-49.085415	25.135942	5.750046	-106.94686	1730000	1.5522042e-08	523.9656	-0.016641699	-75.77625	0.25574186	0.008326148	0.07412965	79.0	832.5002951622009
173	-114.82137	34.961685	-70.93712	-264.8969	79.0	-48.194973	24.962486	2.7514877	-95.143906	1740000	9.934108e-09	384.83313	-0.017921207	-57.47349	0.27233204	0.011218846	0.091136456	79.0	838.7959206104279
174	-113.946655	39.5749	-59.4289	-307.00217	79.0	-48.727654	25.47138	9.639488	-112.980385	1750000	-9.934108e-09	497.15994	-0.018602598	-129.50099	0.27810797	0.012654901	0.088335335	79.0	844.367947101593
175	-107.237045	28.59387	-59.94897	-185.92555	79.0	-46.35582	24.995073	10.888983	-151.6776	1760000	1.4901161e-08	302.74097	-0.016307564	-69.66171	0.2683618	0.011491851	0.084733896	79.0	848.5656228065491
176	-105.09845	34.559666	-51.356026	-341.5574	79.0	-44.87888	23.410027	6.265735	-150.64722	1770000	1.4901161e-08	357.35062	-0.017062522	-78.736244	0.26383623	0.012426693	0.076230496	79.0	853.7393696308136
177	-105.461945	30.555162	-60.065815	-241.02347	79.0	-44.690445	23.594645	2.644559	-136.62665	1780000	9.934108e-09	321.5427	-0.017528335	-73.16091	0.27172777	0.012988098	0.08703482	79.0	858.4196195602417
178	-104.01268	29.490692	-54.529526	-189.69623	79.0	-44.338104	23.30446	5.81127	-104.3619	1790000	1.9868216e-08	328.00677	-0.0175653	-49.500637	0.26533493	0.00996084	0.07743097	79.0	862.286881685257
179	-107.99515	34.653263	-54.89475	-297.11838	79.0	-43.68434	22.67552	4.443798	-109.38388	1800000	5.5879354e-09	413.78992	-0.018116051	-85.407936	0.2621425	0.015067659	0.08623449	52.0	867.447911977768
180	-108.653366	33.34037	-48.196514	-225.57126	79.0	-45.305717	24.1551	6.389329	-142.6504	1810000	1.4901161e-08	362.6339	-0.018684553	-88.13619	0.27553746	0.013487306	0.09153662	79.0	872.2086679935455
181	-108.93344	33.752262	-54.02645	-245.69466	79.0	-44.984474	24.796526	6.7143497	-128.28334	1820000	-7.450581e-09	411.06763	-0.017581915	-84.06994	0.25446782	0.010814977	0.08723489	79.0	876.8477852344513
182	-106.28416	26.094471	-69.73493	-214.7482	79.0	-45.32547	23.541906	9.7589	-108.1087	1830000	-9.313226e-10	293.39014	-0.017819872	-79.91364	0.2736854	0.014945355	0.08603442	73.0	880.9988145828247
183	-103.21374	30.106554	-54.334576	-202.58128	79.0	-44.771698	22.814508	13.498959	-86.75827	1840000	-3.7252903e-08	323.74805	-0.017676013	-66.10813	0.2572235	0.012832239	0.08973589	79.0	886.2328796386719
184	-100.895836	28.834301	-46.560795	-204.02768	79.0	-42.67269	22.502838	4.3202877	-90.96282	1850000	-1.9868216e-08	302.65765	-0.015871085	-63.56232	0.2542783	0.012174304	0.08283313	79.0	891.5791037082672
185	-102.33408	29.996655	-55.57676	-210.7573	79.0	-42.53134	21.854649	2.2954316	-89.87173	1860000	-1.0554989e-08	354.51083	-0.016020328	-74.16821	0.24510771	0.010552786	0.076330535	79.0	896.8977692127228
186	-104.04683	28.690966	-58.621765	-192.7282	79.0	-43.49351	22.626614	5.194625	-90.713104	1870000	1.4901161e-08	326.46335	-0.017694967	-64.38247	0.25935242	0.010850906	0.091936775	79.0	901.9012575149536
187	-101.83902	28.868572	-56.021973	-234.31744	79.0	-42.944347	22.750103	6.43338	-90.45717	1880000	2.7318796e-08	355.72928	-0.015951267	-64.40911	0.25178084	0.015453751	0.07212885	52.0	907.1179826259613
188	-102.09912	33.24717	-44.55236	-281.73904	79.0	-42.67394	21.71049	9.031132	-92.84464	1890000	-2.483527e-09	418.70712	-0.018444961	-122.20713	0.2563143	0.014263145	0.07793117	79.0	912.6019716262817
189	-99.37869	27.914692	-54.8582	-185.07256	79.0	-45.19499	23.503288	8.361917	-107.17402	1900000	2.483527e-09	316.52438	-0.018944463	-82.219475	0.2612226	0.014402248	0.086934775	79.0	916.4209654331207
190	-106.00397	36.107914	-53.339146	-203.22461	79.0	-42.137943	21.117268	5.8842697	-89.28632	1910000	-2.5456151e-08	443.26147	-0.018028049	-75.2583	0.25612777	0.014131777	0.087735094	79.0	920.2042415142059
191	-99.09227	31.515917	-56.037567	-286.3418	79.0	-46.010384	23.0835	7.271448	-128.24261	1920000	1.7384687e-08	335.39514	-0.017756008	-106.59012	0.2541546	0.011488984	0.08043218	79.0	924.5612318515778
192	-97.30893	24.997711	-57.719852	-189.49847	79.0	-40.76642	22.13298	5.538872	-147.0404	1930000	1.2417634e-08	240.56978	-0.018060993	-38.688545	0.25128898	0.014216542	0.079831935	79.0	929.9585654735565
193	-100.66701	33.71413	-52.4386	-250.43185	79.0	-40.551598	21.048147	6.2089453	-95.380936	1940000	-8.692344e-09	361.80917	-0.015571024	-63.32431	0.2599783	0.015247366	0.08113245	45.0	934.2551870346069
194	-103.22264	32.358734	-52.533615	-269.01114	79.0	-41.706234	22.064621	8.465438	-93.36146	1950000	1.4901161e-08	369.968	-0.01682253	-98.36304	0.26396263	0.010530704	0.08043217	79.0	939.8369519710541
195	-101.08916	27.989195	-43.559402	-245.56712	79.0	-43.99585	23.752478	8.495808	-148.0355	1960000	1.2417634e-08	340.1135	-0.016965145	-121.22611	0.258384	0.01232509	0.08483394	79.0	945.442435503006
196	-99.85631	30.001377	-51.01673	-178.16101	79.0	-41.68526	21.55397	8.8511915	-108.54588	1970000	-1.4901161e-08	303.1625	-0.016997548	-47.435925	0.24549766	0.013008262	0.07943177	79.0	949.2904036045074
197	-96.84914	28.226183	-52.632668	-213.54372	79.0	-40.834892	21.996452	3.4939263	-82.74134	1980000	4.780789e-08	254.22179	-0.01579201	-31.622581	0.25939614	0.011261352	0.07593037	79.0	954.3242037296295
198	-100.84094	33.389557	-46.48855	-233.73941	79.0	-40.109734	21.332277	8.869092	-85.95223	1990000	1.7384687e-08	406.13205	-0.018079579	-83.29624	0.24553986	0.014975235	0.09103642	68.0	958.0141439437866
199	-99.3712	32.725353	-49.33717	-220.33092	79.0	-41.999477	21.484642	1.6697888	-89.949585	2000000	-9.934108e-09	319.5112	-0.016055832	-53.63693	0.25213674	0.0152335325	0.08433374	54.0	961.5572700500488
200	-97.194084	29.928625	-42.658867	-189.16034	79.0	-41.848015	21.570446	3.01385	-99.80239	2010000	7.450581e-09	313.86542	-0.017154928	-59.208157	0.24945033	0.014744908	0.08343337	60.0	965.9424142837524
201	-95.22108	29.37501	-49.429752	-183.09288	79.0	-40.489426	20.598318	5.9768333	-85.49923	2020000	1.9868216e-08	308.10056	-0.016536267	-44.71052	0.24165654	0.011289145	0.07092837	79.0	970.1631562709808
202	-94.453835	27.2723	-48.648125	-202.38899	79.0	-39.840767	20.0138	1.5481374	-85.93357	2030000	2.483527e-09	279.43826	-0.016747124	-51.722107	0.24804528	0.014810276	0.07613045	68.0	974.9239780902863
203	-99.20015	30.913689	-36.593384	-243.0726	79.0	-38.76818	20.512327	1.9215071	-81.59554	2040000	-1.9868216e-08	323.2103	-0.016911507	-51.69478	0.25732967	0.013563122	0.08363345	79.0	978.7431828975677
204	-94.18069	28.71106	-47.3979	-198.24481	79.0	-40.108543	21.619534	5.2921853	-88.205666	2050000	1.3659398e-08	289.20786	-0.017769659	-52.20281	0.25576258	0.015004038	0.08303321	70.0	982.8134758472443
205	-98.322945	32.661156	-52.320072	-260.11337	79.0	-39.027534	21.067904	4.3912935	-132.30103	2060000	2.7318796e-08	376.56625	-0.017434517	-66.75947	0.2546187	0.014955297	0.086334534	61.0	986.4107716083527
206	-96.33675	32.217392	-35.187485	-252.25375	79.0	-41.610043	21.630932	3.9640505	-127.86782	2070000	-1.2417634e-08	343.50842	-0.01682518	-103.4009	0.24821407	0.009354518	0.07583033	79.0	990.3912799358368
207	-94.395645	29.499023	-41.73503	-187.15767	79.0	-39.8977	22.36118	6.9067698	-142.83983	2080000	4.656613e-09	321.00928	-0.017091699	-79.54119	0.2527472	0.012480982	0.07513005	79.0	994.6733367443085
208	-96.06848	32.36118	-36.906616	-289.48117	79.0	-39.372272	20.29718	3.14445	-113.87867	2090000	-9.934108e-09	356.71762	-0.01832316	-64.95294	0.25158438	0.015815418	0.09743897	71.0	999.0792107582092
209	-96.93852	30.527023	-46.45495	-248.53256	79.0	-40.379913	20.37947	4.9503193	-100.218544	2100000	1.9868216e-08	293.78415	-0.016316475	-54.508442	0.25383052	0.0145915635	0.08033213	54.0	1003.2393453121185
210	-98.32121	36.828636	-37.696915	-278.191	79.0	-40.59724	22.290293	5.0193644	-100.36989	2110000	-1.4901161e-08	414.3595	-0.018506417	-129.97874	0.2517175	0.012207724	0.08033213	79.0	1007.764404296875
211	-97.0032	34.685406	-48.16422	-334.36438	79.0	-41.274544	22.883486	3.1381147	-161.23418	2120000	1.2417634e-08	331.8143	-0.016972387	-97.55157	0.2590717	0.013370343	0.081332535	79.0	1011.8623292446136
212	-97.55424	31.568521	-54.69385	-189.39264	79.0	-42.07986	26.827007	11.566126	-172.21368	2130000	1.4901161e-08	453.8116	-0.015807765	-167.27525	0.24729848	0.01296774	0.08343337	79.0	1017.0814070701599
213	-94.19956	25.753853	-45.565384	-167.00577	79.0	-40.61035	20.448294	2.3574104	-108.4899	2140000	7.450581e-09	307.43658	-0.017277002	-62.96707	0.24117489	0.011640604	0.08603442	79.0	1021.6576428413391
214	-89.410286	27.301939	-45.165142	-200.60832	79.0	-40.269753	19.581491	3.8829737	-96.29546	2150000	8.381903e-09	244.81587	-0.018459186	-51.73408	0.24355762	0.014338788	0.08623449	65.0	1025.7378582954407
215	-89.318886	24.69202	-48.644905	-213.97804	79.0	-37.13471	19.093382	1.2063689	-76.65621	2160000	8.692344e-09	232.76192	-0.016833223	-24.370857	0.24143545	0.011883213	0.070028014	79.0	1030.2802152633667
216	-97.08779	35.433308	-43.114265	-237.46326	79.0	-37.228546	18.782724	2.9150863	-91.96341	2170000	0.0	446.7404	-0.017824417	-56.377422	0.24053647	0.010277098	0.072128855	79.0	1035.4352140426636
217	-92.850296	31.827515	-32.18109	-191.86304	79.0	-39.6561	20.016697	0.5971854	-83.06445	2180000	0.0	335.68497	-0.017034052	-43.741665	0.22926944	0.012772816	0.07833133	79.0	1040.4390187263489
218	-86.86648	28.308985	-39.892353	-211.87831	79.0	-39.002872	20.523777	1.3727746	-84.84125	2190000	-1.2417634e-08	288.92776	-0.017005546	-51.265564	0.22544432	0.011550759	0.070628256	79.0	1044.3043129444122
219	-87.15631	21.597925	-51.048668	-152.95578	79.0	-36.7585	18.819307	1.9801257	-79.53543	2200000	2.8560558e-08	195.50597	-0.0166244	-27.397644	0.23270233	0.012813781	0.07903161	79.0	1048.6039972305298
220	-89.94948	26.579405	-44.525738	-190.82814	79.0	-37.169373	18.510166	2.2887588	-86.10657	2210000	-2.1109978e-08	240.20276	-0.017136011	-39.86137	0.22534724	0.0112659	0.07833133	79.0	1053.3581156730652
221	-89.27109	27.968325	-41.477806	-215.02516	79.0	-38.412846	18.881195	1.0629725	-78.21515	2220000	0.0	237.39824	-0.016669495	-44.60079	0.23632242	0.012126126	0.07533013	79.0	1057.9503524303436
222	-92.75733	29.953648	-52.69601	-216.65924	79.0	-36.74936	19.602917	2.8250296	-80.9441	2230000	2.3593506e-08	308.88126	-0.017842645	-57.677074	0.22873454	0.014675123	0.08733493	79.0	1062.8861787319183
223	-90.21686	27.500364	-48.138165	-187.21956	79.0	-39.029926	19.53316	4.1317577	-79.8957	2240000	8.692344e-09	269.07224	-0.01707197	-46.531433	0.2310447	0.014001052	0.07583033	79.0	1067.6535241603851
224	-89.03341	25.58341	-38.985744	-179.76562	79.0	-37.783337	19.159533	2.9941664	-81.50997	2250000	-4.9670536e-08	216.36658	-0.018044882	-43.2193	0.24425526	0.014107444	0.09313726	79.0	1072.8415505886078
225	-92.20325	33.917496	-44.18942	-292.47754	79.0	-37.672974	19.34813	6.8897724	-96.3183	2260000	1.8626451e-08	362.01382	-0.017442718	-60.285137	0.21784122	0.010844293	0.07533014	79.0	1077.5831408500671
226	-86.166664	27.062262	-42.86748	-185.16292	79.0	-38.809303	19.416014	5.647852	-77.559166	2270000	1.7384687e-08	256.94824	-0.015880464	-43.27257	0.21912217	0.0130803315	0.07192877	79.0	1081.463723897934
227	-86.55447	33.857014	-37.727684	-345.5715	79.0	-36.15147	18.108032	5.9269295	-77.33746	2280000	2.7318796e-08	329.4303	-0.015586196	-50.876675	0.22762518	0.014980576	0.07282913	60.0	1085.0534682273865
228	-81.3807	24.295732	-34.94089	-170.05025	79.0	-35.32552	18.36812	0.2778368	-75.03564	2290000	-1.1175871e-08	209.15411	-0.0154321	-33.223385	0.21905135	0.0083848685	0.070328124	79.0	1089.6515192985535
229	-84.37641	24.441328	-42.13905	-192.59412	79.0	-33.493805	17.575375	7.030738	-74.32062	2300000	1.2417634e-08	215.07417	-0.017265795	-32.79675	0.22671823	0.013019457	0.077731095	79.0	1094.9512827396393
230	-83.497795	24.785482	-42.99363	-183.0786	79.0	-35.089527	18.033981	1.1041572	-70.57252	2310000	-1.9868216e-08	212.35297	-0.016390026	-29.547752	0.21268666	0.014584894	0.06952781	78.0	1099.9973411560059
231	-88.37327	37.449215	-39.965576	-376.1971	79.0	-34.181625	18.055103	0.7603283	-75.58329	2320000	2.483527e-09	435.66983	-0.016270144	-104.62515	0.21613611	0.013142426	0.07903162	79.0	1104.1471569538116
232	-89.6135	32.98911	-42.53099	-241.22557	79.0	-35.68425	19.145485	0.96727157	-114.904175	2330000	-3.1044085e-08	379.9996	-0.01667939	-96.336815	0.2283874	0.014597982	0.07693077	77.0	1108.994364976883
233	-88.93102	23.050493	-49.766968	-200.78244	79.0	-36.389736	18.742258	-0.75952435	-94.75997	2340000	-7.450581e-09	238.65413	-0.016190032	-38.188015	0.23104604	0.014848768	0.076330535	56.0	1112.4943265914917
234	-86.20132	31.242056	-39.928963	-246.60297	79.0	-37.423023	18.823263	1.938009	-74.36897	2350000	-1.8626451e-09	323.5275	-0.014980502	-56.24171	0.22777921	0.014869883	0.07943177	74.0	1116.715411901474
235	-85.514435	33.600014	-33.840473	-252.53822	79.0	-35.701626	19.016495	3.340128	-92.87798	2360000	2.4835268e-08	376.75146	-0.016573412	-89.13282	0.22002786	0.009864704	0.07162865	79.0	1121.1192371845245
236	-88.05329	29.416574	-38.2874	-204.30705	79.0	-34.988663	18.734589	3.339425	-105.90369	2370000	1.4901161e-08	260.3778	-0.016705982	-56.24942	0.22611982	0.012214263	0.07412965	79.0	1125.4918894767761
237	-90.5508	30.501076	-36.996925	-230.86835	79.0	-36.116962	20.178238	3.5196433	-105.65198	2380000	-1.2417634e-08	372.2745	-0.015069104	-73.01192	0.22725296	0.015628504	0.070728295	46.0	1130.0830790996552
238	-81.95882	23.213894	-38.537	-139.0501	79.0	-36.886395	19.241722	4.0307302	-84.31229	2390000	5.029142e-08	224.73207	-0.016554024	-58.4008	0.2196724	0.012662957	0.072028816	79.0	1136.0664341449738
239	-85.397644	27.198483	-45.027832	-231.31482	79.0	-33.932816	17.221786	3.2370477	-67.89693	2400000	-9.934108e-09	271.08084	-0.016397035	-55.585087	0.21569352	0.013949574	0.07412965	79.0	1140.489784002304
240	-83.266	29.953674	-30.593987	-258.25684	79.0	-35.821556	19.593733	2.0378046	-83.95161	2410000	2.1109978e-08	299.09268	-0.017239187	-65.584496	0.21335566	0.01137364	0.079131655	79.0	1145.0591773986816
241	-83.092354	28.831257	-40.73783	-233.1621	79.0	-34.20686	17.602936	4.966918	-81.856735	2420000	3.7252903e-09	279.24304	-0.016231395	-49.31375	0.21030746	0.011562389	0.06812725	79.0	1149.24738073349
242	-90.2945	35.327766	-42.498116	-291.66714	79.0	-35.650757	17.785265	4.095587	-111.51241	2430000	-6.208817e-09	359.1582	-0.01598487	-85.797356	0.21537887	0.014996977	0.07322929	61.0	1153.682050704956
243	-83.18472	26.628984	-39.016304	-157.97794	79.0	-36.726166	19.464176	2.5420153	-94.505356	2440000	-6.208817e-09	279.76035	-0.015118797	-66.69834	0.21365125	0.0109167695	0.064425774	79.0	1158.583876132965
244	-85.27142	28.202225	-44.724632	-200.00626	79.0	-34.558628	18.075428	-0.65049934	-82.29573	2450000	-1.3659398e-08	284.76816	-0.016702088	-53.170288	0.20587295	0.012255334	0.07813125	79.0	1163.7261261940002
245	-79.47308	26.540792	-24.383	-206.40332	79.0	-34.62009	18.53581	3.7063277	-74.27526	2460000	2.7318796e-08	256.6684	-0.016366148	-55.45232	0.20070295	0.014223568	0.06672669	76.0	1167.9561030864716
246	-81.16091	24.3552	-38.8596	-192.30731	79.0	-32.914993	17.153324	3.6411552	-79.36561	2470000	8.692344e-09	204.82228	-0.015146501	-35.452263	0.20208897	0.012750581	0.07122849	79.0	1172.199185371399
247	-78.64115	26.467949	-38.965355	-196.6656	79.0	-33.689823	17.281109	2.1433809	-68.95205	2480000	3.228585e-08	199.6084	-0.01639946	-30.64842	0.20621	0.01506756	0.07733094	65.0	1176.431011915207
248	-80.33324	27.414997	-34.4598	-206.68466	79.0	-32.24395	17.060171	2.8926356	-74.901535	2490000	1.7384687e-08	232.87927	-0.01579276	-45.05034	0.21401638	0.011264955	0.07513005	79.0	1182.2396564483643
249	-80.38928	28.332335	-37.780178	-205.71825	79.0	-32.3137	17.173904	4.0556154	-81.35162	2500000	2.1109978e-08	221.77687	-0.015466742	-40.276524	0.20245051	0.013815398	0.07232893	79.0	1187.6566271781921
250	-79.215965	23.846125	-33.77687	-160.42197	79.0	-32.75999	17.85859	4.99052	-76.73696	2510000	3.973643e-08	210.14355	-0.015515012	-39.445557	0.20475347	0.015477702	0.06912765	52.0	1192.2072322368622
251	-80.74734	27.858496	-33.933403	-194.98276	79.0	-32.46019	17.793762	-0.71398544	-80.66969	2520000	-2.2351742e-08	263.9608	-0.01524857	-43.78653	0.20222783	0.015152425	0.07192877	73.0	1196.3106479644775
252	-80.37424	23.824091	-34.24147	-147.31885	79.0	-33.288906	17.468554	0.9350984	-70.28218	2530000	4.967054e-09	205.32072	-0.01630655	-36.817924	0.19615287	0.013808661	0.07643057	79.0	1200.8172464370728
253	-77.660934	21.7715	-38.25306	-149.10156	79.0	-33.442516	17.359814	2.9632423	-72.95374	2540000	-9.934108e-09	169.36458	-0.01620181	-36.566284	0.22334237	0.012996931	0.06922769	79.0	1206.6517610549927
254	-78.5614	24.246735	-36.777584	-149.90433	79.0	-30.886742	17.043497	3.1862671	-72.8297	2550000	-9.934108e-09	228.41309	-0.017063504	-41.35681	0.20430629	0.012459003	0.07262906	79.0	1212.5716562271118
255	-80.719246	22.45558	-32.219463	-149.31587	79.0	-32.571465	16.90949	5.275488	-76.514244	2560000	6.208817e-09	177.66347	-0.016991192	-28.16572	0.20731835	0.0143606225	0.08033213	79.0	1216.6153285503387
256	-75.30266	23.023207	-30.899185	-166.18013	79.0	-32.936035	16.970085	2.5907993	-69.85902	2570000	1.7384687e-08	181.23259	-0.01621125	-40.326466	0.1947636	0.011720375	0.07192878	79.0	1221.6656906604767
257	-75.72985	21.902216	-35.18968	-144.94142	79.0	-30.883106	16.302776	2.1421669	-69.34421	2580000	-2.2351742e-08	170.53499	-0.014816783	-35.13769	0.19774581	0.012353886	0.06332533	79.0	1226.5367698669434
258	-77.50139	23.905313	-41.128674	-189.0497	79.0	-31.041542	16.320127	4.5083675	-67.15954	2590000	1.7384687e-08	214.97163	-0.015114121	-29.329107	0.19140899	0.010065515	0.06272509	79.0	1231.407282590866
259	-77.58478	25.27129	-37.875305	-198.34322	79.0	-32.124977	16.82038	5.4694967	-69.02507	2600000	4.967054e-09	232.76286	-0.016663015	-42.1739	0.20612149	0.01292742	0.07643057	79.0	1235.5379407405853
260	-76.167366	26.967161	-32.56104	-177.02507	79.0	-31.655193	16.01434	6.449836	-64.46894	2610000	1.4901161e-08	256.94705	-0.015495487	-38.293198	0.18060255	0.015087285	0.065826334	78.0	1239.6201725006104
261	-77.07484	26.3183	-29.0807	-158.00055	79.0	-32.635975	16.146988	4.90567	-67.50899	2620000	4.967054e-09	245.63173	-0.01580518	-42.490948	0.18621041	0.0122318715	0.06962785	79.0	1245.4226241111755
262	-81.738686	27.216928	-40.753403	-158.90251	79.0	-31.172306	17.061802	4.544544	-70.35648	2630000	-1.1175871e-08	264.05453	-0.015398006	-41.141987	0.20342247	0.015210013	0.07723089	34.0	1249.0435099601746
263	-78.19033	27.60262	-34.326363	-166.01491	79.0	-33.231335	17.694836	7.4727654	-68.22226	2640000	-2.7318796e-08	271.54227	-0.01670773	-39.374428	0.19039303	0.012313202	0.06772709	79.0	1253.2177011966705
264	-76.22259	23.209743	-27.71907	-132.35292	79.0	-32.152252	16.013561	8.435665	-63.95063	2650000	-3.7252903e-09	202.5392	-0.016300147	-31.35823	0.19043727	0.013932531	0.072829135	79.0	1257.4585466384888
265	-74.262	24.246094	-27.53872	-169.23663	79.0	-32.878483	16.489548	5.3018928	-67.26217	2660000	-4.718701e-08	222.35925	-0.014995941	-51.29668	0.1926806	0.014985793	0.07302921	77.0	1261.2352278232574
266	-75.28474	23.934372	-29.41851	-168.40987	79.0	-30.677858	15.9716425	3.6327803	-66.33842	2670000	1.4901161e-08	197.7865	-0.015666524	-38.020336	0.20526974	0.011223932	0.06642657	79.0	1265.8780798912048
267	-77.25063	25.37969	-32.322643	-159.37314	79.0	-31.263481	15.981105	5.2232933	-65.671936	2680000	2.483527e-09	239.92564	-0.010494734	-42.045856	0.18410838	0.016436037	0.059923965	21.0	1269.3943231105804
268	-75.342186	25.805468	-35.85847	-181.06165	79.0	-31.793098	16.209145	2.8623405	-67.02296	2690000	0.0	229.89339	-0.0139497705	-34.766323	0.20663047	0.015061823	0.06212485	37.0	1273.3115465641022
269	-78.50522	31.612867	-29.868784	-250.04298	79.0	-31.58045	16.333227	2.423035	-67.492836	2700000	-1.4901161e-08	355.68082	-0.009763427	-86.47886	0.18828155	0.015871285	0.048819527	17.0	1276.7207889556885
270	-75.41166	23.102251	-33.331707	-163.8603	79.0	-32.670395	16.925404	8.75905	-89.44135	2710000	1.7384687e-08	227.98775	-0.012302694	-56.090504	0.19434859	0.015161703	0.061824728	29.0	1280.423744916916
271	-73.71993	22.553877	-28.500565	-157.77917	79.0	-32.045067	15.742063	5.2935762	-99.08349	2720000	4.4703484e-08	192.1758	-0.016272398	-46.62018	0.19244175	0.011383508	0.069527805	79.0	1284.5207965373993
272	-74.77167	23.701094	-36.955128	-149.11282	79.0	-29.918861	15.9241705	5.296484	-63.714222	2730000	3.8494665e-08	194.39226	-0.014758474	-34.44656	0.18193066	0.013382773	0.06502601	79.0	1288.3293499946594
273	-73.233025	23.872278	-38.996048	-151.91475	79.0	-30.473036	16.775919	6.4537535	-69.677765	2740000	3.0423205e-08	175.05261	-0.014982465	-35.271927	0.19753516	0.015028335	0.06372549	65.0	1292.1070470809937
274	-77.334465	24.074553	-28.890776	-163.84227	79.0	-30.223597	15.479706	4.157729	-66.33799	2750000	-4.967054e-09	202.87054	-0.015508619	-38.3316	0.19797319	0.011155233	0.06482593	79.0	1296.997404575348
275	-74.033394	22.69841	-35.00936	-127.64299	79.0	-31.749237	16.235847	6.436956	-69.19628	2760000	-1.7384687e-08	202.60773	-0.0151574835	-37.603176	0.19652866	0.011255845	0.06632653	79.0	1301.2433214187622
276	-73.85322	25.869291	-33.30802	-170.43355	79.0	-30.784176	16.030823	5.8481264	-69.92068	2770000	1.9868216e-08	233.62463	-0.015341278	-38.683422	0.18180387	0.014855791	0.07092837	79.0	1306.7462491989136
277	-75.126305	25.68113	-37.318047	-179.32278	79.0	-30.809849	16.214693	5.92787	-68.745804	2780000	-2.483527e-09	250.17131	-0.015700879	-40.97002	0.18789798	0.01437176	0.072028816	79.0	1311.330938577652
278	-75.16117	27.208303	-35.685776	-164.74597	79.0	-30.886305	16.227251	5.2854137	-70.0539	2790000	2.483527e-09	265.85684	-0.017757922	-29.36484	0.19237684	0.013733581	0.07673069	79.0	1315.2952704429626
279	-77.09427	28.57283	-32.60448	-202.7898	79.0	-31.05349	15.138555	2.177264	-62.607693	2800000	-1.800557e-08	277.20798	-0.01679291	-39.63204	0.18655355	0.015387927	0.063725494	70.0	1320.2651252746582
280	-77.29821	25.833635	-38.720238	-155.56204	79.0	-32.408188	16.933912	5.611662	-67.51096	2810000	-9.934108e-09	243.82213	-0.015058885	-34.850307	0.19092007	0.013470023	0.072028816	79.0	1324.5679285526276
281	-75.3559	28.2646	-30.047441	-216.01958	79.0	-31.83783	15.870148	10.57526	-68.210075	2820000	-6.208817e-08	305.0397	-0.015947135	-77.444084	0.19722617	0.013324812	0.07082833	79.0	1328.4417538642883
282	-77.26291	25.993439	-29.00452	-168.9117	79.0	-31.0496	16.820066	9.059575	-74.591286	2830000	-1.4901161e-08	276.19003	-0.01564913	-84.1471	0.20177412	0.013792464	0.07302921	79.0	1332.4058825969696
283	-73.403755	24.58	-34.379505	-171.59627	79.0	-31.776579	16.537985	8.282091	-66.81487	2840000	-1.9868216e-08	234.27818	-0.013085694	-40.07255	0.19293308	0.01527968	0.05802321	50.0	1336.4159393310547
284	-74.26685	23.533981	-17.473362	-142.406	79.0	-30.416874	15.621257	7.1838207	-63.08202	2850000	-1.4280279e-08	193.63354	-0.016419508	-24.770323	0.2035958	0.011907171	0.07132853	79.0	1341.6721529960632
285	-77.18468	27.35736	-37.83723	-189.11176	79.0	-30.988773	15.893438	10.405712	-63.379128	2860000	4.967054e-09	262.85254	-0.016914986	-36.558914	0.19900043	0.011275575	0.069327734	79.0	1347.3274698257446
286	-74.2096	24.202372	-30.707644	-146.15628	79.0	-31.559105	16.678677	-0.06800771	-69.61628	2870000	2.7939677e-09	198.15611	-0.015007228	-41.538624	0.18947928	0.014521855	0.070128046	69.0	1351.059940814972
287	-71.919205	24.09204	-33.17358	-226.6844	79.0	-30.017729	16.09384	2.7226057	-73.169785	2880000	7.450581e-09	185.96306	-0.01578571	-51.025288	0.20291519	0.01467367	0.07192877	74.0	1355.4283909797668
288	-71.008224	21.435339	-28.241724	-134.2741	79.0	-28.158844	16.090359	3.7807844	-74.64764	2890000	-1.9868216e-08	172.7766	-0.014498529	-22.579844	0.18332751	0.013964522	0.064225696	79.0	1359.9531879425049
289	-76.889694	28.027426	-29.098072	-179.64108	79.0	-29.67184	15.264308	1.4441886	-61.662544	2900000	-1.4901161e-08	316.9625	-0.016908763	-55.543217	0.20213245	0.01365617	0.07823129	79.0	1363.9111332893372
290	-71.82794	22.810305	-30.109802	-140.36703	79.0	-32.21029	16.48816	4.7665334	-76.08114	2910000	-2.4835268e-08	194.12616	-0.015245917	-39.041424	0.19953644	0.013637912	0.065826334	64.0	1368.4820659160614
291	-73.860275	21.455135	-33.1841	-133.711	79.0	-28.927858	15.689049	2.1460338	-81.256744	2920000	3.973643e-08	191.58617	-0.015831608	-30.237335	0.19660723	0.012983617	0.07112845	79.0	1373.25918507576
292	-76.43961	29.307018	-29.04714	-193.6704	79.0	-30.224577	15.456185	0.6808126	-67.04048	2930000	2.483527e-09	325.28784	-0.011308002	-37.243595	0.18968476	0.015815584	0.055722285	25.0	1376.7738587856293
293	-79.073456	39.98189	-33.81162	-364.08075	79.0	-32.748154	16.12195	3.9476316	-102.367744	2940000	0.0	509.51065	-0.013707384	-138.75716	0.19664931	0.012489709	0.06622649	79.0	1381.2708983421326
294	-75.899254	30.208971	-27.261646	-265.43027	79.0	-32.15112	18.236673	1.6755114	-147.81615	2950000	-2.4835268e-08	369.9718	-0.01295641	-82.423546	0.19194281	0.012788888	0.06992797	79.0	1384.9826769828796
295	-71.67521	31.940704	-29.217922	-285.38898	79.0	-31.487946	16.253466	3.372137	-66.30615	2960000	2.3593506e-08	263.51596	-0.012185815	-48.57745	0.19495296	0.010029584	0.061324526	79.0	1388.8479108810425
296	-75.00413	24.254	-27.86721	-180.01341	79.0	-28.208767	15.784263	1.7757587	-57.090534	2970000	9.934108e-09	246.12444	-0.013498132	-45.775166	0.19441421	0.015302338	0.07042817	48.0	1392.2755205631256
297	-75.17966	25.178486	-27.166096	-169.79567	79.0	-31.53946	16.161434	1.4028153	-58.348858	2980000	2.9802322e-08	227.74683	-0.015376653	-33.572105	0.20039858	0.015809773	0.07362945	58.0	1396.4018890857697
298	-70.26806	21.635181	-36.70924	-141.8845	79.0	-31.508997	15.98131	2.3710294	-62.359066	2990000	-1.4901161e-08	178.80653	-0.015605561	-27.28913	0.19181173	0.012502137	0.06682674	79.0	1402.2320489883423
299	-70.66245	21.798378	-37.035168	-157.26169	79.0	-29.194641	15.197447	1.456492	-63.981888	3000000	1.9868216e-08	181.05261	-0.0141944215	-33.96726	0.20490386	0.014533222	0.06342537	48.0	1406.9592304229736
