Epoch	AverageEpRet	StdEpRet	MaxEpRet	MinEpRet	EpLen	AverageVVals	StdVVals	MaxVVals	MinVVals	TotalEnvInteracts	LossPi	LossV	DeltaLossPi	DeltaLossV	Entropy	KL	ClipFrac	StopIter	Time
0	-482.94507	62.12595	-284.05127	-650.53625	79.0	-0.97206205	0.5512561	0.066568196	-2.5486436	10000	5.7121117e-08	52010.832	-0.01975178	-5591.612	1.119482	0.011840531	0.14905964	79.0	6.713722467422485
1	-473.228	59.57671	-321.32623	-623.08295	79.0	-15.224308	0.42071077	-11.159961	-15.3884535	20000	1.9868214e-07	43360.02	-0.021345282	-1975.1002	1.1212267	0.013612513	0.16196479	79.0	12.401271343231201
2	-452.77783	63.440475	-285.74667	-579.7852	79.0	-20.870007	0.1817149	-18.394854	-20.929731	30000	-7.8231096e-08	38362.223	-0.019064194	-1693.9596	1.0722092	0.0076314104	0.13115247	79.0	16.45320177078247
3	-447.736	60.148132	-310.53033	-616.41	79.0	-25.997232	0.19706976	-22.81742	-26.04375	40000	4.1599076e-08	36115.703	-0.01716975	-1581.524	1.0723201	0.006887956	0.11014406	79.0	21.53752565383911
4	-438.15134	60.85716	-321.6421	-613.2472	79.0	-30.85938	0.8366497	-18.766523	-31.010048	50000	3.7873786e-08	32423.258	-0.02120697	-1413.3881	1.0616281	0.011068106	0.14165667	79.0	25.81041979789734
5	-415.93863	55.11354	-289.07425	-574.06616	79.0	-35.105453	3.2273195	-0.1520687	-35.751404	60000	1.27280755e-08	27264.834	-0.021903796	-1211.1041	1.0172015	0.014778767	0.13615446	79.0	29.711206912994385
6	-408.67743	59.655827	-267.71402	-585.298	79.0	-38.664314	5.739382	4.214036	-40.193405	70000	-1.05549894e-07	25951.703	-0.018674811	-1184.3545	0.99033755	0.008917829	0.120748304	79.0	33.63908576965332
7	-411.5505	61.667107	-239.6817	-618.2932	79.0	-42.59378	7.2155266	4.084008	-44.64483	80000	6.3329935e-08	25285.838	-0.018592326	-1164.8506	0.9868188	0.008568966	0.10414165	79.0	38.0403094291687
8	-401.80798	65.00085	-217.7755	-634.0671	79.0	-46.67389	8.508064	7.1847095	-49.116646	90000	-6.208817e-08	22766.844	-0.020468796	-1048.7301	0.96045905	0.01523647	0.12755102	61.0	42.24315690994263
9	-393.11887	66.707214	-220.20164	-565.7858	79.0	-50.551987	9.49896	6.394397	-53.418495	100000	-3.290673e-08	20082.867	-0.019326432	-921.6286	0.9696514	0.0065628677	0.112845145	79.0	46.76295804977417
10	-394.30978	68.23366	-246.31792	-569.86536	79.0	-53.88049	11.304734	12.748972	-57.505806	110000	-5.5879354e-08	19159.018	-0.020942435	-886.21027	0.94230396	0.012876173	0.13695477	79.0	51.07978415489197
11	-397.379	60.3489	-267.43933	-572.67816	79.0	-57.439014	12.00731	11.470504	-61.555984	120000	4.346172e-08	18692.81	-0.020263338	-907.71405	0.9156541	0.015313662	0.13095237	60.0	54.64407420158386
12	-384.93478	67.102844	-190.4407	-571.75714	79.0	-61.654785	12.377683	13.945006	-65.66971	130000	-7.388493e-08	16020.313	-0.020304149	-774.92255	0.91199344	0.013401923	0.13505402	79.0	59.8995316028595
13	-385.3068	75.93904	-194.19147	-628.9116	79.0	-64.50274	14.12241	11.504454	-69.54642	140000	1.2417635e-09	16044.425	-0.02142076	-778.3711	0.93056864	0.011639965	0.12755102	79.0	64.53600597381592
14	-386.67038	66.7684	-223.54146	-584.67444	79.0	-68.29834	14.536722	16.784601	-73.439316	150000	3.7252903e-09	15135.247	-0.021547714	-760.9246	0.89833075	0.011924912	0.12324929	79.0	68.88870573043823
15	-370.17447	68.67657	-218.50417	-581.17664	79.0	-71.51059	15.963926	9.953173	-77.353165	160000	-2.2351742e-08	12838.524	-0.022253478	-643.2632	0.88037515	0.009566214	0.110244095	79.0	72.78482508659363
16	-365.20493	65.62996	-214.07362	-540.575	79.0	-74.36383	17.700834	32.18652	-81.00417	170000	-1.9868216e-08	11812.894	-0.023758361	-610.1799	0.8453775	0.014713203	0.13405362	79.0	77.69255828857422
17	-366.72394	68.38557	-245.6862	-596.5987	79.0	-77.934326	17.067741	13.787392	-84.55078	180000	-1.1920929e-07	11623.067	-0.02108136	-609.16034	0.86056757	0.012554939	0.13605441	79.0	82.45174789428711
18	-365.42755	69.72822	-225.19205	-534.43884	79.0	-79.87564	20.07512	19.613356	-88.10496	190000	-7.636845e-08	10667.511	-0.021685848	-574.19434	0.8495864	0.011505404	0.11794718	79.0	87.12648630142212
19	-363.57007	71.989815	-181.3508	-587.1835	79.0	-82.9764	20.529509	17.68794	-91.611855	200000	-1.9868216e-08	10123.256	-0.019012973	-540.2827	0.8241946	0.014938082	0.113145255	54.0	92.05825281143188
20	-352.4331	66.57296	-154.77376	-519.7685	79.0	-85.355515	22.407986	14.285564	-95.05306	210000	-1.3705964e-07	8466.276	-0.021792747	-479.44272	0.8193211	0.010749064	0.12224891	79.0	96.50646686553955
21	-348.07147	64.957855	-158.95251	-554.3406	79.0	-87.85998	23.094646	12.556761	-98.26263	220000	-1.7384687e-08	7775.1	-0.01857648	-439.3304	0.8197072	0.008142311	0.095338136	79.0	101.77930641174316
22	-340.93677	72.66593	-177.9604	-570.3352	79.0	-91.09663	22.84726	11.99498	-101.3809	230000	-5.2154064e-08	7185.611	-0.021842374	-411.04337	0.8133259	0.008700755	0.106842734	79.0	105.84846496582031
23	-344.67773	66.39798	-142.06604	-545.97076	79.0	-92.17296	25.326775	13.000676	-104.33948	240000	2.483527e-09	6849.3794	-0.02334491	-404.2797	0.79364586	0.0135335745	0.12805122	79.0	110.3005268573761
24	-347.29626	64.50521	-194.33223	-560.6876	79.0	-94.07705	26.775625	13.844648	-107.30449	250000	4.4703484e-08	6549.879	-0.02227685	-409.9016	0.7804763	0.0115729645	0.13025211	79.0	114.61495566368103
25	-338.04742	65.036156	-215.21591	-612.4346	79.0	-96.47519	27.792467	18.026411	-110.31243	260000	-4.2219956e-08	5808.4634	-0.021224147	-389.32104	0.74293786	0.008794878	0.11094438	79.0	119.42097234725952
26	-338.68997	68.29628	-192.50961	-488.67734	79.0	-100.04698	27.471151	10.658966	-113.173676	270000	-7.202228e-08	5680.4116	-0.020664953	-395.4751	0.7353794	0.011677322	0.10064026	79.0	124.58753824234009
27	-327.93723	68.5	-181.8353	-560.9184	79.0	-100.91388	29.88282	17.480268	-115.99739	280000	-1.9868216e-08	4830.193	-0.018497197	-341.70743	0.7163394	0.01014991	0.09363746	79.0	128.32346868515015
28	-332.9006	70.02969	-190.74437	-578.1514	79.0	-101.73046	30.968582	17.952402	-118.6167	290000	1.6142925e-08	4953.6655	-0.022914832	-347.15005	0.68847245	0.007858511	0.10634253	79.0	132.4072027206421
29	-331.8184	64.46977	-153.27225	-604.7678	79.0	-105.40271	30.565159	14.380203	-121.25619	300000	3.7252903e-08	4538.1567	-0.020456173	-308.57553	0.68170977	0.011458141	0.111044414	79.0	137.0349040031433
30	-336.30667	62.140873	-211.94089	-523.67444	79.0	-107.13933	31.322432	28.23531	-123.85535	310000	2.9802322e-08	4605.3604	-0.020018121	-334.54105	0.6723776	0.01226646	0.11054423	79.0	141.52727389335632
31	-312.91852	68.357254	-174.35368	-474.11307	79.0	-109.167915	32.82362	28.006998	-126.65086	320000	-1.7384687e-08	3425.2122	-0.020665186	-272.5614	0.66910547	0.009151759	0.101840734	79.0	145.59079551696777
32	-316.29266	68.75981	-153.23618	-541.4327	79.0	-108.34956	34.272957	15.699667	-128.79047	330000	-1.7384687e-08	3660.5889	-0.020092627	-332.85876	0.67502147	0.013050941	0.10504202	79.0	149.4255928993225
33	-313.03793	64.21451	-136.26178	-519.8525	79.0	-110.05438	35.597027	14.718474	-130.99771	340000	9.934108e-09	3115.2422	-0.01962074	-303.2893	0.6531756	0.010214391	0.095438175	79.0	154.82899165153503
34	-313.6413	69.72727	-147.67824	-499.97742	79.0	-111.2943	36.50451	11.238419	-133.06203	350000	-2.142042e-08	3268.4626	-0.02006369	-242.00691	0.6568854	0.0090469355	0.10014006	79.0	159.67577958106995
35	-311.79495	73.822815	-172.60057	-651.8914	79.0	-112.240845	36.342373	18.27938	-135.109	360000	-2.4835268e-08	3140.886	-0.021430938	-230.08209	0.66263884	0.009325025	0.10694278	79.0	163.47385454177856
36	-314.23178	76.40139	-200.14195	-636.7357	79.0	-111.749115	37.532455	19.164787	-137.05795	370000	4.8428774e-08	3208.7422	-0.020709855	-283.45535	0.61871743	0.010444433	0.10484194	79.0	167.854984998703
37	-302.98114	69.717545	-154.5721	-521.6128	79.0	-115.3245	37.286354	15.809111	-139.1455	380000	1.5522042e-08	2548.4807	-0.020613687	-274.16428	0.6138298	0.010975372	0.10584233	79.0	172.0287446975708
38	-301.73392	66.983215	-170.92429	-596.6059	79.0	-112.236595	40.203	20.635345	-140.91681	390000	2.9802322e-08	2405.5486	-0.019673271	-255.53845	0.6042966	0.008745718	0.08953581	79.0	176.48203587532043
39	-284.1674	55.62091	-158.01904	-427.6789	79.0	-114.7448	39.89131	23.191572	-142.59671	400000	-1.4901161e-08	1638.1366	-0.020218333	-180.08925	0.5820697	0.01124299	0.1057423	79.0	180.2245728969574
40	-295.21213	70.79472	-153.2992	-535.9399	79.0	-114.49805	39.651897	19.069586	-143.73547	410000	-3.973643e-08	2199.089	-0.020644711	-208.68773	0.5755381	0.009824299	0.112244904	79.0	185.54767370224
41	-286.19885	64.75469	-129.72124	-530.3607	79.0	-117.09224	39.93239	15.14827	-145.1979	420000	-2.2351742e-08	1947.9371	-0.02008013	-171.91695	0.5539172	0.010480191	0.09583833	79.0	189.81630659103394
42	-286.51907	64.511055	-114.28384	-519.18134	79.0	-115.89244	40.156384	15.214771	-146.48958	430000	-2.483527e-09	1826.7875	-0.018966855	-180.83904	0.544458	0.008567717	0.09033614	79.0	193.6829047203064
43	-283.0312	56.580868	-166.16896	-435.99655	79.0	-117.00899	40.933018	26.195248	-147.75858	440000	-7.450581e-09	1646.7611	-0.018642986	-183.83022	0.52699846	0.00749556	0.079931974	79.0	198.325927734375
44	-280.7824	64.71206	-134.26718	-532.32635	79.0	-117.23685	42.28716	12.170198	-148.96405	450000	1.2417634e-08	1763.3887	-0.019645564	-180.83331	0.5320771	0.009687589	0.09693878	79.0	202.11083483695984
45	-271.2818	62.96574	-135.04182	-487.0252	79.0	-118.44459	41.708145	15.347282	-150.04964	460000	-1.8626451e-08	1665.8922	-0.017460587	-231.49585	0.49472427	0.008524004	0.09343737	79.0	207.46792006492615
46	-258.50543	65.65632	-129.8242	-465.63867	79.0	-114.97924	42.608315	25.626534	-150.90407	470000	4.967054e-09	1580.02	-0.020110661	-225.03694	0.51257974	0.013629898	0.101840734	79.0	211.8054597377777
47	-255.17644	55.982246	-104.338646	-491.26764	79.0	-112.01827	43.121376	16.792908	-151.42378	480000	-1.4901161e-08	1204.145	-0.018972272	-176.01103	0.5099469	0.0059595336	0.08743497	79.0	216.13285565376282
48	-260.86377	59.76029	-134.48445	-438.84595	79.0	-107.89561	43.11145	26.433937	-151.89177	490000	2.9802322e-08	1479.9321	-0.018925129	-251.07649	0.47736862	0.010658053	0.09743897	79.0	220.23767971992493
49	-259.34015	62.04703	-123.972786	-490.38657	79.0	-113.731155	42.579407	27.533556	-152.44702	500000	1.2417635e-09	1424.8097	-0.018544726	-174.11891	0.4809165	0.006902326	0.08503401	79.0	224.39024782180786
50	-258.14853	57.148964	-114.15974	-422.97778	79.0	-113.89123	41.601685	21.39032	-153.02187	510000	-9.934108e-09	1319.7053	-0.01925107	-214.15437	0.46206757	0.010745477	0.09483794	79.0	228.78320837020874
51	-247.02675	60.35752	-114.625374	-473.18777	79.0	-114.93485	42.885067	23.848183	-153.56355	520000	9.934108e-09	1427.8232	-0.020208655	-240.35785	0.46585998	0.011219152	0.09883953	79.0	232.7994465827942
52	-241.53922	59.35028	-119.26378	-453.19565	79.0	-109.82588	42.4691	11.86941	-153.93456	530000	7.450581e-09	1316.7471	-0.018198013	-240.17969	0.43940094	0.0062065315	0.09743897	79.0	237.8608522415161
53	-241.56523	52.680584	-116.06877	-402.8733	79.0	-108.144135	42.445168	13.314068	-154.26859	540000	-6.208817e-09	1159.9803	-0.01887334	-286.83676	0.4551108	0.009044189	0.09583833	79.0	242.578471660614
54	-236.38095	71.36345	-107.801346	-596.8695	79.0	-107.64487	42.456978	6.4456086	-154.53282	550000	1.1175871e-08	1603.0184	-0.019389616	-257.57266	0.44003424	0.010850045	0.09323729	79.0	247.94524788856506
55	-233.95285	52.693645	-127.186584	-395.8962	79.0	-104.922005	42.867813	12.404122	-154.9341	560000	-1.6763806e-08	973.0158	-0.019765273	-170.47069	0.43314755	0.010229564	0.10504202	79.0	252.5093469619751
56	-231.55475	54.772877	-128.99028	-409.85297	79.0	-106.69693	40.630013	18.723343	-155.15796	570000	1.4901161e-08	1137.1986	-0.018967131	-226.50163	0.4236267	0.008856411	0.09603841	79.0	256.2890546321869
57	-224.82796	58.44236	-95.731865	-490.8209	79.0	-106.230316	42.04746	16.633469	-155.3291	580000	-1.2417635e-09	1293.8854	-0.020534212	-285.81982	0.42082867	0.008585186	0.10154062	79.0	260.61825227737427
58	-226.5153	56.294933	-110.17029	-360.61118	79.0	-101.54623	42.32829	12.08139	-155.4232	590000	-9.934108e-09	1209.1599	-0.01694695	-219.55928	0.42036322	0.0067331586	0.084733896	79.0	264.42925238609314
59	-233.57106	51.7445	-133.33891	-380.7492	79.0	-102.67701	41.50732	19.293198	-155.64716	600000	4.967054e-09	1112.5376	-0.018811883	-199.08081	0.41372332	0.0070052035	0.08653461	79.0	268.2418270111084
60	-223.00249	55.708885	-111.3493	-404.39816	79.0	-104.16081	42.13218	11.107695	-155.83936	610000	-9.313226e-09	1211.9132	-0.018024378	-222.0664	0.39321408	0.009760152	0.09653861	79.0	273.5023386478424
61	-225.97026	54.580658	-128.69283	-360.2933	79.0	-100.165665	40.746433	7.364004	-155.92535	620000	-4.967054e-09	1091.809	-0.017610855	-196.73792	0.37880877	0.0074259657	0.087735094	79.0	278.0840907096863
62	-209.96625	47.83993	-118.638275	-341.42026	79.0	-101.20602	41.50384	4.6281486	-155.95723	630000	0.0	987.9473	-0.018430104	-221.98816	0.38573995	0.0114010535	0.08673469	79.0	282.47024035453796
63	-215.73973	52.755898	-122.83373	-486.69443	79.0	-96.33993	40.404324	3.0665722	-155.87001	640000	1.9868216e-08	1101.2113	-0.018619359	-220.04558	0.4053711	0.009996389	0.09303722	79.0	287.6492831707001
64	-215.98209	52.899296	-107.85769	-337.01648	79.0	-97.301346	40.39432	74.628716	-156.08218	650000	4.967054e-09	1077.4569	-0.017268857	-210.30931	0.38322076	0.008710582	0.08283313	79.0	291.9653437137604
65	-195.4598	45.198933	-93.31076	-328.31497	79.0	-96.3912	40.59086	16.544344	-156.33707	660000	9.934108e-09	806.1292	-0.018459061	-204.40874	0.37066212	0.008653319	0.0952381	79.0	295.7109682559967
66	-206.57037	47.958603	-108.41847	-429.0941	79.0	-88.90125	37.325104	5.1046553	-154.44647	670000	7.450581e-09	871.5078	-0.018556079	-179.93976	0.37086228	0.009560478	0.08593438	79.0	299.59135580062866
67	-201.38315	47.880573	-112.96924	-371.02914	79.0	-95.79734	40.005634	17.499266	-156.44365	680000	-1.2417635e-09	877.1636	-0.018027024	-146.63605	0.37157393	0.009202756	0.0882353	79.0	304.031209230423
68	-199.91026	47.73281	-94.21556	-373.99182	79.0	-90.867096	37.950745	8.497814	-156.29224	690000	6.208817e-09	928.28687	-0.018926825	-186.5293	0.36403528	0.010188455	0.10034013	79.0	308.6811029911041
69	-203.29004	60.560474	-91.109085	-514.71356	79.0	-91.79687	37.76142	3.25321	-156.36478	700000	7.450581e-09	1206.0469	-0.019092802	-230.83704	0.3707633	0.011563167	0.09303721	79.0	312.86527919769287
70	-197.89717	45.62974	-94.34056	-319.79697	79.0	-89.549774	38.5976	11.088287	-156.69125	710000	-9.934108e-09	837.89215	-0.017612772	-168.8329	0.36801648	0.007948817	0.08673469	79.0	318.07327008247375
71	-201.85408	47.7901	-116.02161	-377.15262	79.0	-89.24996	38.207012	17.105114	-156.2105	720000	-9.934108e-09	887.237	-0.0202982	-225.99376	0.3794113	0.011593164	0.10364146	79.0	323.63645219802856
72	-198.10985	43.631943	-96.48082	-384.76013	79.0	-93.20011	40.066044	5.461397	-156.79549	730000	-2.483527e-09	837.63214	-0.01944073	-267.59616	0.37628403	0.009733606	0.102440976	79.0	328.03142833709717
73	-198.3923	44.886917	-100.033035	-336.71417	79.0	-87.77263	39.266033	4.4664927	-155.61816	740000	-1.2417634e-08	887.7881	-0.018553233	-208.12883	0.3651588	0.009027512	0.0977391	79.0	332.7491159439087
74	-194.4732	49.956627	-101.234375	-328.6991	79.0	-89.02236	38.701324	22.424974	-156.09554	750000	-8.692344e-09	878.8823	-0.018257124	-148.48946	0.38071883	0.008664553	0.094837934	79.0	336.5422041416168
75	-184.01157	42.538395	-107.231995	-370.28098	79.0	-86.379425	37.798553	13.106656	-155.69937	760000	-1.9868216e-08	774.63214	-0.019007698	-205.75166	0.35235667	0.013018672	0.098139256	79.0	341.27772092819214
76	-193.76651	48.784805	-106.65776	-344.65375	79.0	-82.19083	36.80795	4.9031286	-149.34077	770000	0.0	934.8613	-0.017202618	-186.13936	0.363132	0.009546372	0.08713486	79.0	345.2319941520691
77	-192.9455	47.48767	-93.53583	-388.83228	79.0	-86.78817	38.212646	5.6116066	-156.26205	780000	-2.2351742e-08	819.3808	-0.01836726	-149.37357	0.37898687	0.0061618076	0.09843937	79.0	349.0261445045471
78	-189.96019	47.59933	-94.26085	-326.66983	79.0	-86.53821	37.823223	4.535763	-155.9119	790000	-4.967054e-09	844.3752	-0.018316835	-155.93848	0.3644576	0.008544762	0.09043618	79.0	353.74506664276123
79	-180.84146	42.575867	-83.180626	-302.03177	79.0	-85.01498	37.609367	8.312909	-148.42311	800000	4.967054e-09	740.7505	-0.018317088	-123.26199	0.3542347	0.009148029	0.087134846	79.0	358.3787999153137
80	-180.83261	44.105556	-102.49294	-302.49304	79.0	-81.030624	35.51834	17.143497	-139.39975	810000	-8.692344e-09	643.56964	-0.019427862	-100.48002	0.35888776	0.011061512	0.1027411	79.0	363.01354026794434
81	-183.18681	44.999348	-86.42154	-329.5927	79.0	-79.746086	35.397175	6.0547686	-140.30263	820000	-8.071463e-09	718.0908	-0.019526703	-152.5721	0.3676335	0.01264434	0.09983993	79.0	367.62303352355957
82	-177.97325	37.81268	-106.6691	-311.2906	79.0	-82.10612	36.709023	14.482765	-155.53676	830000	-4.967054e-09	581.34064	-0.019855386	-130.6437	0.3846607	0.010987397	0.09833934	79.0	371.37205815315247
83	-182.99037	42.360714	-92.48985	-345.60068	79.0	-79.36184	35.74851	57.25715	-154.49089	840000	1.4901161e-08	663.17267	-0.017876668	-154.40897	0.381349	0.008106416	0.08863545	79.0	375.1799249649048
84	-184.30066	47.59546	-103.525795	-347.58887	79.0	-81.53707	36.68753	1.2344561	-143.66844	850000	1.2417634e-08	926.06036	-0.019033097	-216.36725	0.35946417	0.008218697	0.09103641	79.0	379.85984563827515
85	-175.14531	38.030853	-109.46026	-302.06335	79.0	-82.03583	37.092796	10.549577	-147.16907	860000	1.3659398e-08	575.7581	-0.01876466	-146.44113	0.35827973	0.011217172	0.096838735	79.0	383.81284737586975
86	-180.83746	45.11752	-104.51399	-365.9632	79.0	-76.72736	34.3168	1.1533103	-145.49365	870000	1.9868216e-08	742.8032	-0.018455455	-175.44884	0.37430716	0.0056921155	0.086134456	79.0	387.5808906555176
87	-173.60405	40.957016	-103.21498	-296.31744	79.0	-82.48262	38.688694	5.72365	-157.04701	880000	-3.7252903e-09	763.9207	-0.017486213	-222.85237	0.3514521	0.011565809	0.08913565	79.0	391.9267363548279
88	-174.83067	36.676674	-106.31138	-304.32846	79.0	-76.811516	34.435703	23.471357	-135.64847	890000	-6.208817e-09	541.5958	-0.020853328	-100.44462	0.37282753	0.011452052	0.110044025	79.0	396.7255964279175
89	-174.15442	41.139664	-93.11436	-280.74936	79.0	-78.30178	34.400875	17.031569	-131.36334	900000	-1.1175871e-08	554.88727	-0.019089514	-89.81075	0.34019127	0.008626091	0.09993997	79.0	401.60594940185547
90	-175.19801	44.086323	-102.55387	-409.47922	79.0	-76.400085	35.736042	9.301019	-149.36072	910000	-1.2417634e-08	666.4316	-0.02018957	-142.2389	0.3556989	0.012628593	0.092537016	79.0	407.0099878311157
91	-168.57767	40.292496	-95.17476	-360.2894	79.0	-78.56786	35.982517	3.7264	-156.71104	920000	-1.2417634e-08	556.98724	-0.018163212	-114.53937	0.35716382	0.012595342	0.094037615	79.0	411.1426749229431
92	-170.07101	49.70187	-91.14331	-427.01434	79.0	-75.71486	34.96727	8.335066	-152.3077	930000	9.313226e-10	776.31104	-0.018172394	-146.9124	0.34395036	0.0073348465	0.09503802	79.0	414.98862981796265
93	-168.51434	45.648865	-70.3015	-343.58835	79.0	-74.22158	34.93436	4.711519	-154.09572	940000	3.7252903e-09	725.6254	-0.020453224	-163.9347	0.3429902	0.01113611	0.09933973	79.0	418.7754590511322
94	-171.94734	40.554985	-102.16841	-344.51556	79.0	-74.96787	35.05974	1.4987628	-156.75313	950000	-1.1175871e-08	569.30426	-0.016469138	-124.9859	0.35597417	0.0048686126	0.07893158	79.0	423.7072756290436
95	-165.64137	42.783627	-99.88968	-306.45993	79.0	-76.87492	37.485653	3.0648365	-155.71536	960000	2.2351742e-08	735.9809	-0.019708352	-173.68712	0.3577796	0.011104743	0.09643858	79.0	428.16826939582825
96	-167.02708	43.11853	-94.123405	-323.57758	79.0	-74.35109	34.442234	4.7502527	-153.82684	970000	-2.483527e-09	661.76074	-0.020308696	-153.5908	0.35726133	0.009521778	0.10194077	79.0	432.6512780189514
97	-160.9909	34.986042	-103.740265	-256.97513	79.0	-72.89906	33.043835	4.7620792	-151.8013	980000	2.4835268e-08	466.9185	-0.01919842	-116.81473	0.34425616	0.012254541	0.10474189	79.0	437.1434667110443
98	-164.12224	42.245544	-87.59466	-320.7436	79.0	-69.77837	34.8137	12.175324	-139.19788	990000	-1.5522042e-08	674.3383	-0.019220175	-123.13546	0.34922275	0.009945144	0.093737505	79.0	441.1589677333832
99	-156.95932	35.785225	-99.25592	-333.50107	79.0	-71.24037	34.06848	6.564266	-141.9512	1000000	1.6142925e-08	484.1854	-0.020875515	-133.74751	0.37206993	0.012705531	0.09813926	79.0	445.698162317276
100	-161.04842	44.009487	-93.33831	-363.55524	79.0	-66.36772	33.29112	4.72807	-141.96205	1010000	1.9868216e-08	643.91534	-0.02050554	-198.41078	0.35177973	0.013190339	0.100740306	79.0	450.1787905693054
101	-161.12506	45.576324	-86.614746	-352.40067	79.0	-69.75618	36.516872	13.700871	-157.8086	1020000	1.9868216e-08	662.2712	-0.020040616	-168.18126	0.3594788	0.011885651	0.09983993	79.0	455.5060465335846
102	-160.34077	43.597248	-87.57444	-309.97144	79.0	-71.394905	33.37614	14.894999	-157.26619	1030000	4.967054e-09	672.3314	-0.019438045	-147.59033	0.34973374	0.011393945	0.094037615	79.0	459.41319823265076
103	-154.07507	38.465954	-82.90376	-286.73328	79.0	-69.34367	34.167572	8.088197	-143.48706	1040000	7.450581e-09	570.982	-0.02038134	-140.59859	0.3574594	0.014981344	0.11534613	79.0	463.2536211013794
104	-155.76129	39.576492	-96.19634	-287.06955	79.0	-67.77967	32.885574	7.7314596	-139.22612	1050000	0.0	522.6798	-0.021819629	-97.07617	0.3416457	0.012200399	0.10644258	79.0	468.493200302124
105	-158.01231	40.582188	-71.52067	-307.45496	79.0	-67.90078	33.182423	4.3686886	-142.60825	1060000	1.2417635e-09	548.5052	-0.017778246	-124.60775	0.35412315	0.010435745	0.09743897	79.0	474.3020362854004
106	-151.88023	43.64416	-84.83322	-355.24997	79.0	-69.71838	33.244953	7.490529	-154.63893	1070000	5.432715e-09	671.2651	-0.019667696	-192.82243	0.34425595	0.014162071	0.10504202	79.0	479.3225953578949
107	-155.22014	39.58016	-93.97081	-292.21158	79.0	-66.1586	31.674212	10.551747	-154.19427	1080000	-7.450581e-09	521.7679	-0.0177485	-151.38701	0.3462142	0.009423924	0.09013606	79.0	484.6957468986511
108	-148.20213	44.728836	-80.75758	-417.0084	79.0	-68.89623	34.024643	5.233075	-157.62935	1090000	0.0	628.4953	-0.01945505	-133.34828	0.3459209	0.014900112	0.10854342	79.0	489.67327785491943
109	-155.84319	46.311947	-77.04638	-339.97842	79.0	-64.38109	31.693142	4.8438807	-142.37982	1100000	8.071463e-09	645.99945	-0.019943958	-130.22522	0.34675494	0.011671943	0.10154062	79.0	494.6805386543274
110	-154.46577	40.61991	-85.3964	-300.3652	79.0	-67.59934	34.12615	11.837269	-148.4405	1110000	7.450581e-09	579.4388	-0.019082153	-138.36403	0.34266177	0.011684147	0.09853941	79.0	498.4284954071045
111	-151.69403	34.889328	-87.71154	-273.89014	79.0	-66.38063	32.074585	6.468582	-134.59274	1120000	-2.483527e-09	493.6057	-0.017455054	-109.946846	0.35501826	0.0095065	0.09073629	79.0	502.2040846347809
112	-149.63074	41.417377	-88.465706	-303.16333	79.0	-66.80004	31.45132	36.894863	-150.45618	1130000	9.934108e-09	584.2549	-0.018811436	-120.951195	0.33859158	0.008753717	0.0972389	79.0	506.32744312286377
113	-150.468	42.445934	-84.91846	-300.06635	79.0	-64.81515	31.634687	0.77128816	-133.00731	1140000	7.450581e-09	621.67474	-0.018661322	-137.84415	0.32752013	0.011290397	0.10084033	79.0	510.3168697357178
114	-148.84395	39.724052	-82.09381	-293.39307	79.0	-63.658024	31.868267	6.8257685	-129.60449	1150000	1.2417635e-09	542.63995	-0.017786836	-125.242836	0.33347306	0.0135465935	0.09553822	79.0	515.9246070384979
115	-149.41183	42.880077	-80.673	-284.2447	79.0	-64.94905	31.402842	2.5250723	-143.87341	1160000	1.6142925e-08	715.092	-0.018711971	-146.89108	0.32925722	0.01139278	0.0982393	79.0	520.3817925453186
116	-149.36546	37.6781	-80.23928	-273.92047	79.0	-64.68658	31.441696	4.1097674	-129.73436	1170000	1.7384687e-08	529.16455	-0.01917552	-115.567566	0.32768226	0.011329833	0.0927371	79.0	525.1607182025909
117	-154.11096	42.499046	-87.99544	-308.27176	79.0	-65.41718	33.317703	9.505129	-145.38672	1180000	9.934108e-09	592.37524	-0.018671116	-151.94221	0.34284392	0.012118337	0.10114046	79.0	529.4175255298615
118	-149.9428	42.866405	-84.523026	-326.71106	79.0	-65.99531	32.964317	5.9344773	-155.11537	1190000	4.967054e-09	584.78986	-0.017748447	-132.1996	0.33255556	0.008228819	0.08313326	79.0	533.1618757247925
119	-141.55096	36.88806	-84.99607	-275.70917	79.0	-64.72504	32.929226	6.3313823	-156.17667	1200000	-1.2417635e-09	486.21323	-0.019277347	-120.503395	0.33504736	0.0144278435	0.09693878	79.0	538.2243270874023
120	-149.55826	43.480415	-85.48834	-356.5593	79.0	-62.25997	30.805756	9.4459305	-143.52203	1210000	-7.450581e-09	647.0895	-0.017874796	-150.64545	0.33552375	0.009514817	0.09283713	79.0	542.5767123699188
121	-145.79312	38.273037	-74.60129	-252.85394	79.0	-62.80224	31.912468	12.392225	-151.25595	1220000	1.2417634e-08	525.1932	-0.01875257	-89.29221	0.34062156	0.011800033	0.09463785	79.0	546.377117395401
122	-139.39227	37.463303	-85.23966	-336.25485	79.0	-62.130535	30.348965	14.575827	-139.02919	1230000	-1.9868216e-08	493.47897	-0.019248107	-117.76153	0.33662215	0.011877175	0.10344138	79.0	551.8769192695618
123	-141.04459	36.38763	-79.77501	-311.67346	79.0	-61.519238	29.767733	18.136768	-153.92194	1240000	6.208817e-09	506.9247	-0.018679056	-113.489174	0.33017766	0.01302059	0.09793917	79.0	556.3518824577332
124	-144.88455	43.73699	-82.67449	-411.49335	79.0	-62.471252	31.308048	5.9457088	-155.00026	1250000	8.692344e-09	631.1071	-0.01714042	-156.82935	0.32840154	0.009358726	0.105942376	79.0	561.6330411434174
125	-138.86969	43.793198	-80.493095	-360.3982	79.0	-60.26392	29.885626	9.30807	-149.49883	1260000	2.2351742e-08	674.95245	-0.020371702	-156.83315	0.32456377	0.011285181	0.099639855	79.0	566.7816545963287
126	-131.97932	39.479664	-66.78583	-259.2989	79.0	-58.931873	30.04357	4.935913	-151.56053	1270000	-6.208817e-09	523.69135	-0.017716978	-112.32273	0.3231689	0.011856113	0.10094038	79.0	572.4956457614899
127	-146.26024	45.148148	-80.624725	-338.11786	79.0	-59.852577	31.192451	1.3344157	-161.65242	1280000	0.0	616.7469	-0.019617412	-183.88808	0.34396246	0.015223578	0.103241295	77.0	576.3416061401367
128	-139.68118	40.012135	-88.81158	-343.60834	79.0	-61.91393	31.51131	9.627149	-161.50162	1290000	1.2417634e-08	502.33435	-0.017362239	-120.65369	0.3273969	0.009757382	0.08723489	79.0	580.5715839862823
129	-140.35612	36.839222	-87.62449	-314.5377	79.0	-59.63677	31.641975	9.001924	-162.52872	1300000	2.483527e-09	545.9481	-0.018604733	-123.661995	0.34051478	0.013267145	0.09993998	79.0	586.5561866760254
130	-137.17848	39.226128	-75.102684	-285.0045	79.0	-60.447205	29.769766	6.4045515	-125.82756	1310000	1.2417635e-09	492.29697	-0.017469749	-101.879906	0.31859338	0.010339179	0.09293717	79.0	591.3691914081573
131	-144.18109	40.647236	-75.37232	-276.90848	79.0	-59.406036	30.684895	7.8077207	-146.722	1320000	-1.4901161e-08	602.18866	-0.016516471	-145.21979	0.32408807	0.008586042	0.08703482	79.0	595.0985136032104
132	-138.9181	38.14186	-71.79387	-305.27945	79.0	-61.84554	30.876055	4.973145	-146.39034	1330000	2.9802322e-08	492.8065	-0.018119644	-114.44385	0.31862906	0.009238623	0.09433774	79.0	598.9882571697235
133	-136.42761	39.48206	-77.01392	-287.24744	79.0	-58.70118	30.291426	8.5585785	-146.1073	1340000	6.829699e-09	554.62445	-0.018564628	-103.75184	0.31775895	0.0138253225	0.10534213	79.0	603.9848282337189
134	-137.52939	38.896408	-78.00053	-287.83017	79.0	-58.446503	29.316633	5.7980056	-108.91828	1350000	0.0	539.95874	-0.018789796	-137.66197	0.32058617	0.013116241	0.09443777	79.0	608.4483053684235
135	-135.40324	37.804794	-69.70318	-277.206	79.0	-58.741764	30.500746	15.178473	-141.16647	1360000	-2.483527e-09	506.78598	-0.017652703	-94.67791	0.32339457	0.012388013	0.096238494	79.0	612.9156033992767
136	-129.31648	31.594448	-69.99252	-261.85294	79.0	-56.87695	28.874508	8.248031	-129.11493	1370000	1.2417634e-08	389.64578	-0.019089922	-89.05405	0.3138118	0.012867149	0.10704282	79.0	617.760379076004
137	-134.5066	39.70266	-78.8684	-283.60596	79.0	-55.71975	28.391922	22.665565	-108.371284	1380000	4.967054e-09	538.02435	-0.01779317	-113.747925	0.32360184	0.009071395	0.09013605	79.0	621.7819256782532
138	-124.49081	29.436995	-71.59708	-254.26445	79.0	-56.438976	29.200937	3.0692217	-126.04177	1390000	-1.4901161e-08	345.08093	-0.018925926	-86.66449	0.32408968	0.01279638	0.096738696	79.0	626.6009454727173
139	-128.98407	35.690033	-67.63289	-271.9167	79.0	-53.355244	27.146587	3.0480387	-96.86876	1400000	0.0	500.05844	-0.018984959	-97.74496	0.3192179	0.011301051	0.10484194	79.0	631.0991513729095
140	-130.67062	36.48795	-75.47698	-281.67435	79.0	-55.32238	28.21321	4.2606716	-135.2329	1410000	-7.450581e-09	441.5226	-0.018467903	-74.34127	0.3092204	0.011024351	0.095338136	79.0	636.0328476428986
141	-135.09718	38.93987	-71.489815	-240.85149	79.0	-55.785984	29.218225	8.7839155	-136.62402	1420000	1.4901161e-08	562.2932	-0.015007836	-116.8428	0.3137952	0.015352084	0.09293717	35.0	640.243656873703
142	-133.7497	33.069878	-82.15753	-238.27281	79.0	-58.115723	29.18105	2.6752346	-137.76231	1430000	0.0	423.89493	-0.017068546	-86.504265	0.32906726	0.010257174	0.09463785	79.0	643.9804179668427
143	-124.235435	31.55575	-78.575096	-260.83713	79.0	-56.772835	28.183102	3.3858664	-113.16645	1440000	0.0	404.30627	-0.018644052	-92.80694	0.3147949	0.014683057	0.10384154	79.0	648.9302606582642
144	-128.4081	34.172253	-64.45449	-269.2612	79.0	-52.92348	26.562578	4.752802	-96.421844	1450000	-2.483527e-09	393.45605	-0.017460221	-69.90551	0.3179564	0.011899316	0.0972389	79.0	653.718471288681
145	-125.27509	30.902035	-70.45468	-265.60397	79.0	-55.23601	28.100204	4.1873894	-125.19227	1460000	-1.0554989e-08	339.28528	-0.018389123	-76.16263	0.32362905	0.012184925	0.09983993	79.0	657.5570771694183
146	-128.28114	39.967438	-66.96494	-271.92288	79.0	-53.392056	27.616762	3.141327	-119.810814	1470000	-2.483527e-09	511.1776	-0.018783772	-115.097466	0.31442264	0.01203166	0.10294118	79.0	661.846438407898
147	-128.81645	33.455093	-69.92656	-252.36964	79.0	-54.59237	28.987722	4.6042795	-151.34735	1480000	2.483527e-09	406.4468	-0.017140746	-89.98588	0.3239915	0.0114360405	0.09503802	79.0	665.5984280109406
148	-130.62141	35.012493	-76.659836	-294.79498	79.0	-54.69524	27.93642	4.563902	-113.67257	1490000	4.967054e-09	430.08374	-0.018672561	-84.314766	0.32475388	0.014888656	0.09763906	79.0	671.104199886322
149	-138.02713	41.32698	-56.38163	-298.6547	79.0	-54.294994	27.989748	5.411065	-125.36215	1500000	2.4835268e-08	609.1871	-0.01755159	-116.690155	0.32140508	0.012204066	0.10284114	79.0	674.9778275489807
150	-134.01103	40.11055	-57.661713	-321.37366	79.0	-58.48365	29.142683	2.9955728	-108.425064	1510000	-3.4769375e-08	549.95593	-0.016928172	-104.43335	0.31108236	0.012069599	0.09433774	79.0	679.5979318618774
151	-125.00556	34.573578	-76.51319	-246.5029	79.0	-56.55159	28.095333	1.0236468	-113.75221	1520000	-1.6142925e-08	473.36667	-0.01969898	-88.99387	0.3133365	0.013288702	0.09453782	79.0	683.5716335773468
152	-127.16838	35.265984	-72.28436	-240.09198	79.0	-55.261806	26.961788	0.6612048	-125.97918	1530000	1.4901161e-08	408.5101	-0.01722426	-95.78095	0.3143777	0.01360209	0.09503802	79.0	689.5712342262268
153	-127.51578	36.657066	-69.207664	-268.18292	79.0	-54.94709	28.072426	3.685716	-140.24542	1540000	4.967054e-09	460.12204	-0.018973066	-112.69085	0.3111768	0.01458759	0.096538626	79.0	693.3350176811218
154	-129.64865	34.887043	-71.605446	-237.71391	79.0	-54.379513	27.122446	5.6937943	-128.96092	1550000	-8.692344e-09	419.05508	-0.017041901	-86.87335	0.30531195	0.011762244	0.08533413	79.0	697.6705334186554
155	-134.25331	42.991344	-71.12429	-315.29654	79.0	-57.044537	28.535423	8.865198	-120.29183	1560000	-1.9868216e-08	679.301	-0.017253755	-196.26945	0.31136397	0.010832321	0.09163666	79.0	701.5366585254669
156	-125.524254	39.733322	-66.45464	-297.75467	79.0	-57.325356	29.418133	6.2907834	-133.41635	1570000	-1.9868216e-08	512.2967	-0.01743848	-118.22675	0.29226783	0.009844769	0.087535016	79.0	705.5830910205841
157	-122.698044	31.275005	-71.14203	-207.0572	79.0	-52.885654	27.298613	5.979127	-139.92839	1580000	4.967054e-09	379.76456	-0.019244658	-72.47366	0.29558533	0.013118382	0.09213686	79.0	710.1391181945801
158	-124.72164	31.633327	-71.73238	-207.13521	79.0	-51.680122	26.585947	5.9765024	-108.18766	1590000	-4.967054e-09	356.95938	-0.01640646	-51.340923	0.30785784	0.011967952	0.09863946	79.0	714.8082301616669
159	-119.88063	34.5379	-63.339546	-269.95944	79.0	-54.032707	27.461712	3.44803	-130.96727	1600000	1.14863115e-08	415.21225	-0.018291688	-84.32581	0.29797104	0.013065633	0.08853542	79.0	718.5710883140564
160	-121.62818	36.635365	-64.82521	-322.44592	79.0	-50.42956	26.496235	6.306833	-125.22698	1610000	2.483527e-09	486.18018	-0.018735489	-108.546715	0.2996854	0.011512175	0.090536214	79.0	723.3079764842987
161	-122.75792	40.419178	-54.08565	-340.11298	79.0	-52.088993	25.913477	0.16290307	-144.31451	1620000	2.4835268e-08	556.0551	-0.018077793	-104.99354	0.3061354	0.010430162	0.08243297	79.0	727.848687171936
162	-120.96394	31.116793	-71.29108	-258.7267	79.0	-51.898514	27.225883	5.1117306	-160.04271	1630000	-7.450581e-09	362.8627	-0.01723957	-70.48606	0.29369572	0.010804051	0.09213685	79.0	732.8421115875244
163	-123.612305	35.20235	-74.120255	-237.29738	79.0	-51.98194	25.772886	5.3749113	-121.505356	1640000	-1.2417635e-09	449.45468	-0.017812476	-75.586586	0.30345032	0.008480486	0.089135654	79.0	736.7362258434296
164	-126.48461	38.720318	-71.0859	-320.51996	79.0	-52.826206	26.554325	10.455286	-99.51172	1650000	1.2417634e-08	514.09784	-0.018010857	-111.46793	0.2932873	0.011495558	0.083333336	79.0	740.5532603263855
165	-123.73542	36.470413	-69.79623	-317.53674	79.0	-53.646473	28.364288	2.67804	-152.73215	1660000	-4.967054e-09	448.2192	-0.01682559	-88.16529	0.2948362	0.012784831	0.08243297	79.0	744.7667450904846
166	-121.61839	34.95558	-70.341995	-254.79443	79.0	-52.919224	27.5598	4.7818117	-153.7072	1670000	0.0	478.4758	-0.01847955	-112.10992	0.28602925	0.0139588425	0.09483794	68.0	750.113555431366
167	-119.93142	32.983505	-67.65563	-255.57614	79.0	-51.665684	25.351257	1.7285886	-100.48307	1680000	1.1175871e-08	389.5687	-0.017665798	-74.87872	0.28960955	0.00891245	0.08873549	79.0	754.8420894145966
168	-117.88276	31.749773	-66.70384	-225.76985	79.0	-50.045116	26.20552	3.9159744	-100.88293	1690000	4.967054e-09	335.91498	-0.01564976	-78.3028	0.27479056	0.011927889	0.09583833	79.0	759.2813422679901
169	-116.42837	34.749836	-67.34335	-267.0635	79.0	-49.67662	25.227663	4.442403	-104.852615	1700000	1.4901161e-08	390.37485	-0.018869141	-86.03836	0.28068984	0.011381637	0.09343737	79.0	764.7474629878998
170	-114.79312	32.163303	-68.51	-266.79642	79.0	-49.462875	25.027172	2.091883	-104.69499	1710000	-1.9868216e-08	342.74124	-0.016808195	-57.500195	0.27352455	0.01063329	0.08633453	79.0	769.5736045837402
171	-115.23378	32.68208	-65.498695	-251.0462	79.0	-48.619923	24.450037	5.3174453	-107.10375	1720000	1.4901161e-08	372.03555	-0.017993612	-75.82148	0.27366164	0.0131814135	0.09183673	79.0	774.4779620170593
172	-121.74366	34.961975	-63.414825	-228.21187	79.0	-48.71079	25.252495	1.4424007	-103.927704	1730000	-9.934108e-09	490.1666	-0.017088734	-85.00504	0.25959316	0.00935536	0.08633453	79.0	779.3834238052368
173	-112.536736	28.380781	-61.33345	-237.65184	79.0	-52.0099	25.665207	8.9310875	-102.57628	1740000	2.483527e-09	320.72934	-0.016604109	-78.884674	0.264203	0.011357408	0.07923169	79.0	783.9540526866913
174	-117.08251	34.276623	-67.70244	-261.1395	79.0	-47.415955	24.102148	3.3049877	-93.48001	1750000	-2.483527e-09	411.05453	-0.018043155	-103.39483	0.2674348	0.009892667	0.086334534	79.0	788.0333247184753
175	-117.23323	34.389317	-58.060875	-289.65402	79.0	-48.801167	25.21193	2.233258	-121.05047	1760000	-2.483527e-09	391.1205	-0.017628504	-69.13304	0.26719478	0.013092808	0.08013205	79.0	791.8835332393646
176	-116.25332	34.556442	-60.880013	-259.58994	79.0	-49.970066	25.618172	2.3067563	-98.137566	1770000	-1.2417635e-09	397.5381	-0.017168438	-63.64262	0.2654086	0.012530774	0.09153662	79.0	795.6517984867096
177	-113.11582	32.633846	-54.186977	-254.73491	79.0	-49.29703	25.203978	1.8894448	-102.09784	1780000	9.934108e-09	343.15933	-0.016978297	-65.20629	0.2706515	0.008898732	0.08183274	79.0	799.3994669914246
178	-114.538704	30.277353	-63.68944	-211.24715	79.0	-48.269905	24.643972	2.3543634	-104.03858	1790000	0.0	305.95493	-0.016747426	-54.30983	0.28148523	0.011142183	0.080132045	79.0	803.1526775360107
179	-112.64946	31.450209	-65.651146	-320.76456	79.0	-47.72559	25.068895	4.8892107	-97.88258	1800000	6.208817e-09	370.1597	-0.018266572	-87.90229	0.26921442	0.014085655	0.08913565	79.0	807.191002368927
180	-113.90605	31.466492	-52.60472	-223.36465	79.0	-47.031914	24.317911	12.801741	-137.95876	1810000	2.2351742e-08	361.74283	-0.01639339	-89.25994	0.27997303	0.011123785	0.08173269	79.0	812.0464677810669
181	-111.476074	28.383202	-55.959072	-204.73007	79.0	-47.550335	24.9338	11.970045	-95.97648	1820000	-2.483527e-09	294.03317	-0.016651584	-62.441204	0.2749988	0.010836817	0.083333336	79.0	817.191844701767
182	-106.869545	31.241365	-56.391895	-220.29726	79.0	-47.63908	23.99573	3.2344418	-94.8766	1830000	-1.2417634e-08	351.0502	-0.016172988	-81.77049	0.24900772	0.008140723	0.07963186	79.0	820.9121367931366
183	-108.470764	31.949198	-61.086037	-298.68195	79.0	-44.69938	23.387892	11.704578	-89.76462	1840000	2.2351742e-08	322.67313	-0.016073132	-93.63137	0.25883952	0.011547486	0.08173269	79.0	825.1072266101837
184	-109.95827	30.922886	-57.450672	-228.72797	79.0	-46.22313	24.95404	11.868286	-133.77327	1850000	-1.7384687e-08	397.97256	-0.015516882	-126.180145	0.2579566	0.01309758	0.082733095	79.0	829.906081199646
185	-111.47746	30.891941	-59.994656	-223.72156	79.0	-47.155758	24.713356	2.8978758	-107.80913	1860000	9.934108e-09	293.10397	-0.017648475	-61.92243	0.26112092	0.015020271	0.093937576	72.0	833.9031908512115
186	-107.30944	27.697685	-57.461895	-184.63486	79.0	-45.77063	23.7151	5.70129	-131.73166	1870000	-1.2417634e-08	316.8284	-0.017399475	-79.35074	0.25758067	0.014212971	0.084033616	71.0	838.3623323440552
187	-107.44636	28.351692	-55.323975	-179.51494	79.0	-45.31788	23.436354	14.92618	-93.175316	1880000	9.934108e-09	336.78925	-0.016875498	-59.979603	0.25023612	0.011779395	0.085334145	79.0	843.1341798305511
188	-109.494965	30.942646	-55.984627	-260.6635	79.0	-46.262497	23.156586	9.621559	-93.60633	1890000	0.0	363.13547	-0.018516392	-54.25903	0.25880876	0.011257972	0.08483393	79.0	847.0782790184021
189	-106.107735	32.116837	-49.897636	-224.22836	79.0	-45.91703	24.161547	2.2289164	-97.59028	1900000	-9.934108e-09	349.84448	-0.016594907	-63.91663	0.24934399	0.00983419	0.084933974	79.0	850.8994746208191
190	-104.261566	29.290495	-56.512474	-210.24802	79.0	-44.164185	23.88953	1.4916375	-93.154625	1910000	2.483527e-09	309.01385	-0.01794261	-65.50945	0.25494647	0.011684059	0.08803522	79.0	855.6969881057739
191	-104.338356	27.416021	-53.09776	-187.61856	79.0	-44.04102	23.295752	5.9246397	-88.78152	1920000	-1.8626451e-09	271.2128	-0.016220791	-44.162434	0.24883932	0.015256477	0.08343337	72.0	860.542628288269
192	-104.3858	26.954966	-61.34537	-192.38232	79.0	-43.68815	22.516117	5.7070384	-91.012726	1930000	-1.2417634e-08	277.3644	-0.017536407	-50.277283	0.25301674	0.014112584	0.08293318	79.0	864.2987213134766
193	-103.82587	33.58088	-57.004105	-239.96129	79.0	-45.039883	22.327402	7.6464987	-89.46706	1940000	-1.4280279e-08	396.20224	-0.017958142	-71.82656	0.24754603	0.013951783	0.084733896	79.0	868.0035102367401
194	-104.574425	31.248657	-52.246296	-229.04373	79.0	-43.543842	22.617928	2.113719	-97.908005	1950000	-9.313226e-09	345.52762	-0.016923154	-63.135193	0.25890824	0.010204629	0.08023209	79.0	871.7312128543854
195	-107.264854	35.012657	-51.286522	-276.11722	79.0	-43.967823	23.087732	-0.20297861	-98.59283	1960000	4.967054e-09	428.25595	-0.0190499	-104.24738	0.2654613	0.014573567	0.09063625	75.0	875.473813533783
196	-98.31839	24.618795	-58.131897	-178.7451	79.0	-45.56352	23.71562	13.890284	-93.64541	1970000	-4.967054e-09	268.9863	-0.01669763	-75.223526	0.24674278	0.01338201	0.08863545	79.0	880.1329741477966
197	-103.915306	32.163536	-55.89996	-254.82565	79.0	-42.327755	20.969143	7.058258	-95.13468	1980000	4.967054e-09	355.15732	-0.016838232	-79.9821	0.25416374	0.012324128	0.079131655	79.0	885.1119706630707
198	-106.78546	36.505177	-54.356945	-335.85138	79.0	-45.86342	24.22322	23.209026	-143.72726	1990000	-2.8560558e-08	391.9071	-0.015987756	-125.62791	0.25021312	0.01256566	0.08233293	79.0	889.8793909549713
199	-106.28768	29.841991	-54.601913	-210.49547	79.0	-43.319565	24.00784	6.2245407	-139.09717	2000000	-1.2417634e-08	351.3517	-0.016834246	-90.29126	0.24779372	0.013334309	0.08503401	79.0	895.0433344841003
200	-100.57975	26.812208	-57.274685	-200.62471	79.0	-44.692375	23.36103	4.076805	-109.55921	2010000	1.2417634e-08	280.90967	-0.016586555	-65.86646	0.26009697	0.010877031	0.076430574	79.0	900.4932339191437
201	-105.209145	29.333364	-44.911755	-189.42017	79.0	-41.630653	22.328789	7.0583363	-80.3664	2020000	1.9868216e-08	328.73593	-0.018180242	-66.41679	0.26249957	0.013819783	0.08963585	79.0	905.5280055999756
202	-109.28519	38.61592	-58.720516	-290.71115	79.0	-44.494564	22.455513	14.325307	-83.9756	2030000	9.934108e-09	476.88745	-0.017468905	-90.90793	0.25309512	0.011996283	0.07903161	79.0	909.4356133937836
203	-104.5828	27.27222	-49.95848	-218.00905	79.0	-46.580093	23.786007	5.9625154	-114.94416	2040000	-7.450581e-09	283.3879	-0.01727899	-76.79887	0.25952938	0.012956294	0.08083234	79.0	913.2199890613556
204	-102.941635	26.616817	-59.166767	-189.9676	79.0	-45.14525	23.239649	4.5583696	-144.05492	2050000	-2.5456151e-08	344.863	-0.016509881	-105.84829	0.25400552	0.01207037	0.080532216	79.0	917.4210479259491
205	-102.778275	29.780916	-53.79818	-209.59816	79.0	-43.300526	21.847103	4.0504208	-87.07874	2060000	1.9868216e-08	335.2103	-0.016867986	-76.32729	0.25399336	0.011809063	0.084133655	79.0	921.2977554798126
206	-101.29103	25.88042	-51.86369	-201.56143	79.0	-42.930836	21.502155	0.17893744	-86.80638	2070000	-2.7318796e-08	310.01865	-0.017189959	-90.16546	0.25067332	0.013020384	0.084233694	79.0	925.5492427349091
207	-101.459694	29.706545	-47.798294	-208.4183	79.0	-42.42488	21.776655	5.9992814	-80.52588	2080000	-4.967054e-09	305.13654	-0.016328176	-46.505207	0.2603794	0.010803212	0.084133655	79.0	930.8663926124573
208	-106.05824	35.154053	-49.280533	-233.86893	79.0	-43.441883	21.226545	5.8288517	-83.09837	2090000	7.450581e-09	441.12204	-0.017671952	-124.10873	0.26021007	0.011901985	0.08243298	79.0	934.777352809906
209	-101.19367	29.307852	-49.50649	-190.85927	79.0	-44.15153	23.720005	4.9544	-121.01528	2100000	2.4835268e-08	313.12408	-0.018135263	-66.84818	0.2586458	0.012433018	0.08733493	79.0	939.1405258178711
210	-100.68721	26.168295	-50.37972	-166.13191	79.0	-43.318417	21.98928	0.8097372	-107.12276	2110000	9.934108e-09	304.30618	-0.015613799	-72.53895	0.24591868	0.012646522	0.07543018	79.0	944.6994671821594
211	-102.78849	27.755167	-47.387836	-183.1322	79.0	-42.03078	22.279366	3.0449724	-80.65405	2120000	-4.967054e-09	262.74673	-0.01641039	-54.35243	0.2539408	0.01444421	0.085534215	79.0	948.4740972518921
212	-100.12243	29.726482	-50.2554	-215.93185	79.0	-41.993256	23.094194	4.8295527	-83.5053	2130000	2.4835268e-08	312.6816	-0.017850393	-64.902504	0.25937125	0.013880395	0.086834736	79.0	952.4862115383148
213	-98.71728	35.953327	-53.08133	-386.2027	79.0	-42.277832	20.97353	3.7512202	-87.59193	2140000	8.692344e-09	451.02463	-0.01629897	-171.06842	0.24790151	0.008395695	0.06782713	79.0	956.3529801368713
214	-96.04937	28.366804	-49.83082	-227.69136	79.0	-41.402447	22.705664	2.0102232	-160.3159	2150000	1.9868216e-08	302.9092	-0.015804134	-82.03357	0.2557309	0.014820217	0.078431375	75.0	962.1246399879456
215	-103.080666	35.511833	-46.946663	-286.6608	79.0	-39.846966	20.692732	1.2894104	-100.41968	2160000	-4.9670536e-08	456.75485	-0.017136099	-108.50995	0.26247364	0.012057419	0.08863545	79.0	966.7203652858734
216	-95.05636	27.216196	-46.36282	-200.14536	79.0	-42.619305	22.31942	4.56339	-109.493744	2170000	6.208817e-09	276.52512	-0.01823403	-61.98993	0.2481088	0.010321085	0.08303321	79.0	970.4487450122833
217	-94.10577	26.708868	-55.485626	-215.7466	79.0	-39.565853	20.303694	0.4694147	-85.67979	2180000	9.934108e-09	260.4575	-0.016597643	-48.36513	0.24194975	0.010817594	0.07863145	79.0	975.018018245697
218	-97.53441	26.192894	-51.31909	-189.93909	79.0	-39.096054	19.59729	3.3696787	-85.83273	2190000	5.5879354e-09	236.31386	-0.014934772	-36.473927	0.25045457	0.013537229	0.085734285	52.0	979.565194606781
219	-96.965195	35.90173	-47.512257	-344.56168	79.0	-39.68126	21.386744	2.3136966	-84.09603	2200000	1.0244548e-08	477.0449	-0.0154322535	-89.39376	0.2488795	0.010499905	0.07382953	79.0	985.421103477478
220	-97.20003	27.068073	-49.139988	-200.00543	79.0	-41.179905	20.387453	5.7087297	-89.50398	2210000	-1.2417635e-09	300.12656	-0.017212313	-63.476475	0.26216593	0.011802367	0.08033213	79.0	989.782071352005
221	-99.074585	29.177895	-48.60221	-212.3628	79.0	-40.779434	21.971548	0.43997073	-150.89256	2220000	9.934108e-09	298.45114	-0.016022468	-51.86379	0.26412347	0.013378535	0.08373349	79.0	994.7756426334381
222	-94.88154	26.751179	-38.696632	-260.7989	79.0	-41.555233	20.908787	4.388715	-83.29251	2230000	-5.401671e-08	268.4705	-0.015931582	-69.56902	0.25702706	0.008442892	0.07392957	79.0	999.2729027271271
223	-99.01317	32.242817	-47.350147	-203.83844	79.0	-39.993877	20.202898	5.7922	-136.57088	2240000	1.4901161e-08	396.2942	-0.017977193	-73.61621	0.2491995	0.013150522	0.08513405	79.0	1004.0344700813293
224	-93.076485	23.704165	-45.082905	-196.31104	79.0	-41.77084	21.52919	5.7241635	-104.9091	2250000	7.450581e-09	213.1737	-0.015801521	-46.372864	0.24680541	0.0135381045	0.08313325	79.0	1008.3126890659332
225	-96.138504	27.194801	-49.631992	-199.77975	79.0	-38.195503	20.232758	11.104319	-72.899414	2260000	2.483527e-09	272.57068	-0.017309884	-53.894516	0.23234947	0.010926734	0.077030815	79.0	1013.2404170036316
226	-94.04362	29.899275	-52.229824	-269.81168	79.0	-41.013424	21.370396	4.1249166	-171.67018	2270000	2.4835268e-08	283.74377	-0.016008662	-85.915504	0.22689156	0.012661482	0.08173269	79.0	1017.0337443351746
227	-99.79504	31.16117	-44.329464	-223.20013	79.0	-38.34225	20.376068	6.3962655	-107.8006	2280000	-1.2417634e-08	383.01993	-0.016725006	-80.3668	0.24157096	0.013291329	0.08253301	79.0	1021.5697700977325
228	-95.13391	25.365086	-53.110836	-190.73804	79.0	-42.349163	21.264975	3.3804848	-104.3986	2290000	-1.6142925e-08	247.73097	-0.01567327	-43.784576	0.22906399	0.011369698	0.071428575	79.0	1025.4473359584808
229	-94.81986	27.783998	-46.559666	-168.95775	79.0	-40.059288	20.666136	4.0864525	-75.092064	2300000	-4.967054e-09	282.3396	-0.013707538	-53.445343	0.24451177	0.015858335	0.084033616	45.0	1029.7146337032318
230	-95.38072	29.110622	-45.287918	-205.12962	79.0	-39.350758	20.356798	2.8025172	-80.99735	2310000	-1.9868216e-08	309.9951	-0.016565457	-57.34668	0.24623378	0.008574369	0.08213285	79.0	1033.9211149215698
231	-91.87504	27.050528	-41.18106	-204.24446	79.0	-39.332794	20.277727	6.2828856	-75.849335	2320000	-1.4901161e-08	246.99544	-0.016832171	-38.729572	0.2344025	0.014041424	0.081932776	79.0	1038.0635335445404
232	-96.47515	29.398706	-35.786125	-236.57037	79.0	-37.926502	19.835268	7.9917736	-79.01889	2330000	0.0	302.50574	-0.016784212	-47.603107	0.22976047	0.011257328	0.08053221	79.0	1041.8543753623962
233	-93.44136	26.86316	-51.27275	-189.33583	79.0	-40.29817	21.19467	3.0905728	-76.37678	2340000	-5.0912302e-08	266.87683	-0.015464485	-69.977325	0.23635985	0.01344147	0.085734285	79.0	1045.8873319625854
234	-96.63581	30.033472	-45.16284	-200.47185	79.0	-39.056698	19.671791	7.343135	-79.829216	2350000	4.967054e-09	327.2262	-0.01731936	-65.09088	0.22756626	0.012178958	0.084733896	79.0	1050.0528101921082
235	-92.58762	25.518803	-47.30142	-192.44818	79.0	-40.131985	20.87042	3.2303503	-79.223145	2360000	-6.208817e-09	228.36461	-0.016154513	-48.99541	0.24704973	0.012952183	0.08143257	79.0	1053.941185951233
236	-94.646034	29.62866	-45.320232	-199.29155	79.0	-37.928482	20.276384	27.200413	-77.46359	2370000	-1.8626451e-08	330.9019	-0.016369732	-87.188805	0.23142827	0.009066482	0.07643057	79.0	1058.468246936798
237	-92.86769	24.543278	-39.156254	-180.43643	79.0	-40.18782	20.572771	1.2491925	-111.68036	2380000	2.9802322e-08	266.12308	-0.015489027	-57.21471	0.23596148	0.010473162	0.072228886	79.0	1063.5561308860779
238	-94.58967	27.419441	-51.433876	-177.93651	79.0	-39.224514	20.230875	2.000139	-83.30692	2390000	8.692344e-09	285.94443	-0.015625518	-66.25907	0.22927612	0.008292262	0.06832733	79.0	1067.6905698776245
239	-91.382034	26.016426	-45.371586	-199.12755	79.0	-40.067253	20.838324	4.6185493	-92.336876	2400000	7.450581e-09	280.50552	-0.015983006	-68.738556	0.22447021	0.012134806	0.07703081	79.0	1072.007395029068
240	-92.7024	26.144785	-39.87073	-174.92673	79.0	-38.813156	19.86563	8.769696	-75.02672	2410000	-7.450581e-09	258.5634	-0.014831346	-50.451633	0.23684447	0.011931489	0.07863145	79.0	1075.930982351303
241	-92.41267	27.205593	-40.188007	-225.77054	79.0	-38.064953	19.902897	4.5301785	-79.911865	2420000	8.692344e-09	248.41936	-0.016988276	-51.791927	0.23596138	0.014799394	0.0857343	71.0	1079.5960240364075
242	-91.40439	33.247513	-39.062904	-244.6729	79.0	-38.265427	20.328968	6.7629237	-96.597336	2430000	-6.45717e-08	281.55927	-0.015068687	-42.718945	0.21927409	0.009312637	0.07262906	79.0	1083.9642250537872
243	-92.110504	28.136898	-44.462585	-214.91666	79.0	-37.47141	20.142063	2.1012256	-83.62063	2440000	3.7252903e-09	263.4377	-0.014903468	-64.36356	0.23856993	0.012798213	0.08173269	79.0	1087.888260126114
244	-92.06225	26.51463	-47.250458	-189.34615	79.0	-38.374226	19.488827	16.714617	-86.33276	2450000	2.483527e-09	275.59012	-0.016192647	-54.223934	0.2322603	0.01117297	0.08603442	79.0	1091.9099605083466
245	-95.26274	33.2369	-36.276546	-229.45758	79.0	-38.37494	19.736095	4.7670507	-79.62349	2460000	1.2417634e-08	389.22812	-0.016903117	-80.18978	0.23150815	0.013880034	0.076930776	75.0	1096.2178494930267
246	-87.692535	21.347801	-46.358032	-153.04329	79.0	-38.865864	19.806671	0.9855857	-81.52203	2470000	1.2417635e-09	204.68028	-0.01559871	-63.74884	0.23784278	0.012405162	0.072829135	79.0	1100.6232039928436
247	-84.74782	21.757349	-47.729893	-158.41273	79.0	-36.36095	19.108368	5.126047	-78.04191	2480000	-1.4901161e-08	160.74542	-0.009230438	-32.50941	0.22612633	0.013464228	0.06972789	14.0	1103.997034072876
248	-88.20882	25.740255	-33.669712	-196.978	79.0	-34.837147	18.76622	4.6465645	-79.0364	2490000	-9.934108e-09	265.18124	-0.01676467	-63.10762	0.22119935	0.013277768	0.07973189	79.0	1108.5301654338837
249	-91.24611	35.72124	-39.219242	-284.4709	79.0	-37.361385	19.176916	4.705046	-117.182915	2500000	-9.313226e-10	344.4235	-0.015549563	-102.477104	0.22917347	0.012038457	0.07883153	79.0	1113.3237705230713
250	-93.04348	31.566536	-33.067413	-207.41751	79.0	-38.31027	21.192812	10.694995	-146.09283	2510000	-9.934108e-09	426.42484	-0.015983036	-129.42207	0.23054005	0.012262434	0.07402962	79.0	1119.0184376239777
251	-91.313446	29.337143	-36.81217	-191.76208	79.0	-39.107555	19.943851	3.152259	-92.24655	2520000	1.4901161e-08	271.87537	-0.016249334	-64.33737	0.23925368	0.014104649	0.07833134	78.0	1122.8027696609497
252	-87.02394	28.497953	-38.68131	-208.09525	79.0	-37.609303	19.365917	8.021185	-81.749954	2530000	2.483527e-09	260.22403	-0.017061273	-48.819138	0.23469175	0.011172876	0.07402961	79.0	1127.9137258529663
253	-91.81308	30.268835	-41.972805	-264.53424	79.0	-35.558098	19.456306	4.3490143	-79.18969	2540000	1.2417634e-08	330.89706	-0.01838884	-73.156006	0.23478846	0.015261993	0.08783513	68.0	1132.4354193210602
254	-92.32896	32.607708	-39.751057	-200.94632	79.0	-37.418453	19.97339	8.184425	-77.170876	2550000	1.2417634e-08	366.72354	-0.017464394	-68.541145	0.24150868	0.014659174	0.081332535	64.0	1137.1598374843597
255	-88.17273	22.728857	-40.053947	-156.58492	79.0	-37.822254	19.992174	2.1911688	-85.26882	2560000	2.1109978e-08	199.54549	-0.01661853	-49.935574	0.24177933	0.00907418	0.075730294	79.0	1141.4162156581879
256	-89.24892	27.26434	-41.106533	-182.34486	79.0	-36.600857	18.851204	1.7354009	-75.50319	2570000	2.2351742e-08	248.07056	-0.018004483	-34.96249	0.223168	0.010093645	0.07833133	79.0	1146.709412574768
257	-85.39005	25.13674	-44.195797	-222.9113	79.0	-36.63046	19.615658	5.812184	-76.919525	2580000	-7.450581e-09	216.00378	-0.015104684	-41.20305	0.22662462	0.013445973	0.074129656	79.0	1150.827724456787
258	-87.967	28.192661	-46.96794	-182.42932	79.0	-34.771816	18.269163	2.7288973	-68.03537	2590000	2.2351742e-08	332.7401	-0.017179614	-63.03603	0.22418416	0.014133518	0.080532216	79.0	1156.3460483551025
259	-92.203476	26.030952	-48.70923	-181.86337	79.0	-37.46202	17.985971	1.0026219	-72.614685	2600000	1.1175871e-08	221.39479	-0.01726927	-34.903347	0.23465931	0.013217217	0.0787315	79.0	1160.4736285209656
260	-88.18494	27.424553	-40.70925	-191.96857	79.0	-37.343544	19.696478	1.3997769	-70.39042	2610000	4.035731e-08	292.49844	-0.017045677	-59.52125	0.23988986	0.014523402	0.085634254	79.0	1164.9736037254333
261	-86.49351	25.566338	-41.14838	-174.40454	79.0	-36.562313	19.273363	7.6522064	-74.44998	2620000	-1.4901161e-08	233.11816	-0.016762188	-51.087864	0.2265401	0.013502576	0.07432973	79.0	1170.5674374103546
262	-91.82703	31.882936	-45.178158	-240.05461	79.0	-35.446827	18.691586	0.36620808	-79.646706	2630000	2.4835268e-08	374.09583	-0.018281195	-106.145485	0.23645651	0.013877838	0.08723489	79.0	1174.9428732395172
263	-89.791405	27.126194	-35.22129	-195.80037	79.0	-37.651997	19.711494	5.6781235	-81.06652	2640000	1.800557e-08	299.96268	-0.016237395	-61.18758	0.23009904	0.014586531	0.08213285	72.0	1178.5678067207336
264	-82.22779	23.570026	-38.709454	-180.85797	79.0	-36.80452	19.493427	2.0167089	-71.03172	2650000	6.2088173e-10	202.789	-0.014669754	-54.098064	0.23380248	0.014418848	0.0922369	79.0	1182.4806838035583
265	-90.16859	29.012667	-24.951149	-204.68459	79.0	-34.346413	17.524351	1.3565264	-75.2901	2660000	3.4769375e-08	307.86887	-0.016713943	-82.78762	0.23335503	0.009664494	0.08213285	79.0	1187.480981349945
266	-89.36979	32.44197	-35.313877	-226.49908	79.0	-38.398697	20.676111	5.603645	-93.78144	2670000	0.0	399.0991	-0.016604612	-89.80776	0.22353263	0.0129568055	0.08603442	79.0	1192.0470113754272
267	-87.05585	30.964241	-35.33247	-248.77614	79.0	-37.229416	19.386772	5.46094	-74.538635	2680000	-3.7252903e-09	282.64566	-0.016180567	-50.922756	0.21747458	0.012644534	0.08063225	79.0	1196.1496315002441
268	-88.31436	26.496895	-48.371243	-182.39127	79.0	-36.25235	18.317091	2.7170026	-78.45125	2690000	-1.2417635e-09	290.54355	-0.016891418	-56.9982	0.21734388	0.0106003685	0.076330535	79.0	1201.0136630535126
269	-91.34903	30.22228	-37.762375	-199.51364	79.0	-37.169556	19.344799	5.1820526	-72.7677	2700000	0.0	314.507	-0.015483856	-51.267002	0.22482426	0.015273958	0.073529415	74.0	1205.796778678894
270	-89.970726	26.67589	-43.832962	-177.6249	79.0	-37.093063	19.070744	3.85378	-76.70659	2710000	0.0	269.86554	-0.017249333	-76.615204	0.22973822	0.010777179	0.07653061	79.0	1209.9778318405151
271	-84.37225	26.152592	-37.145546	-201.81427	79.0	-36.121304	19.662743	2.491375	-80.95055	2720000	-3.7252903e-09	273.72885	-0.0168849	-58.365337	0.23616588	0.009860131	0.07563025	79.0	1214.656970024109
272	-88.72677	31.665102	-35.78178	-224.8165	79.0	-34.161495	18.248047	8.759748	-77.69762	2730000	1.9868216e-08	279.54257	-0.01688666	-44.04069	0.23291664	0.014328788	0.08453381	78.0	1219.39954996109
273	-89.80337	29.214825	-41.70818	-176.01823	79.0	-35.820557	19.036581	4.6400924	-82.536095	2740000	1.6142925e-08	330.37842	-0.015698813	-69.49263	0.22670083	0.012767998	0.07763105	79.0	1224.4099259376526
274	-82.87479	27.987154	-38.52605	-192.91286	79.0	-37.547813	19.231558	-1.6144085	-71.06121	2750000	-2.6077032e-08	260.22055	-0.015293409	-64.14789	0.22574742	0.0121952435	0.07723089	79.0	1229.2512335777283
275	-84.18652	28.705006	-35.74125	-188.01768	79.0	-34.084965	17.946016	4.9505305	-76.69851	2760000	-2.4835268e-08	269.96835	-0.016053291	-50.90093	0.22993751	0.011044524	0.075030014	79.0	1233.9055633544922
276	-84.52146	25.86206	-37.433426	-163.26341	79.0	-34.863003	17.651728	1.569401	-71.499344	2770000	1.1175871e-08	235.3188	-0.017132798	-38.106342	0.23225848	0.013941512	0.08013206	70.0	1238.4163632392883
277	-83.42766	24.271307	-37.16699	-157.67134	79.0	-35.433716	18.433609	15.113279	-77.67197	2780000	0.0	203.37604	-0.017008258	-43.8501	0.23810582	0.014019252	0.085734285	79.0	1243.2516899108887
278	-85.4593	25.652039	-45.641796	-171.75719	79.0	-33.650593	18.343855	3.844176	-74.24981	2790000	1.3659398e-08	235.34023	-0.013725839	-35.148125	0.22892623	0.015009585	0.07543018	40.0	1247.6848809719086
279	-84.6041	27.532194	-39.141106	-174.04356	79.0	-34.474163	18.179365	3.3726583	-71.31282	2800000	0.0	260.14276	-0.017187105	-43.18402	0.2407803	0.014701464	0.084233694	79.0	1252.2655353546143
280	-82.69657	26.554869	-38.44656	-205.63826	79.0	-35.27977	17.860126	0.45600724	-73.27186	2810000	-1.7384687e-08	250.38252	-0.01619908	-44.968475	0.2254498	0.015251013	0.086934775	79.0	1257.6196615695953
281	-83.99583	22.303818	-43.9453	-182.05847	79.0	-33.947784	17.842054	0.6600554	-68.20274	2820000	1.9868216e-08	216.19539	-0.016901135	-36.61828	0.2291907	0.013851475	0.07763105	79.0	1263.024732351303
282	-81.632515	25.238804	-40.956993	-205.0993	79.0	-35.286907	17.904953	1.7990408	-73.24637	2830000	-1.9868216e-08	236.44316	-0.016465051	-50.0784	0.2351229	0.013161677	0.0852341	79.0	1267.0038874149323
283	-82.11435	24.9799	-39.183945	-165.8226	79.0	-34.06837	18.1944	4.510334	-75.69204	2840000	1.7384687e-08	233.7243	-0.017930666	-43.43523	0.25287154	0.013805966	0.08453381	79.0	1271.4888279438019
284	-85.21294	26.50588	-43.38035	-185.0731	79.0	-33.703827	17.40828	0.98526883	-65.84162	2850000	-7.450581e-09	240.08374	-0.016374312	-34.016808	0.22328974	0.012456819	0.08083233	79.0	1276.852571964264
285	-85.46227	29.635761	-34.254055	-240.0395	79.0	-34.73382	17.93239	0.20617127	-70.47312	2860000	-1.9868216e-08	233.28577	-0.018100401	-35.931206	0.22702904	0.013841408	0.082733095	79.0	1282.1003274917603
286	-85.126564	27.940178	-34.774033	-243.78816	79.0	-34.37751	18.157393	4.9686117	-72.038445	2870000	4.4703484e-08	237.61505	-0.015946992	-32.26835	0.22822376	0.011175043	0.077731095	79.0	1287.1955666542053
287	-87.88705	27.061352	-42.716343	-169.28342	79.0	-34.416706	18.335886	3.1981995	-71.84044	2880000	-7.450581e-09	284.31378	-0.01588239	-53.82268	0.22070968	0.012531522	0.07603041	79.0	1291.633427143097
288	-88.28223	29.615301	-28.418633	-180.77657	79.0	-36.903072	19.385946	5.6184144	-75.10677	2890000	-1.7384687e-08	283.09415	-0.018047968	-57.126312	0.22759308	0.014683436	0.07733093	79.0	1296.6233041286469
289	-84.992905	30.069706	-31.695848	-228.94508	79.0	-35.502277	19.10504	1.0064566	-84.13485	2900000	2.6077032e-08	301.5386	-0.016700277	-72.6499	0.21395957	0.012559802	0.07302921	79.0	1302.062133550644
290	-85.86412	28.81499	-40.112637	-216.91998	79.0	-35.14719	18.265747	4.584668	-91.62058	2910000	-4.967054e-09	292.23697	-0.01814072	-77.524956	0.21882516	0.012890062	0.082733095	79.0	1307.3574433326721
291	-79.080475	24.366125	-31.324808	-175.94948	79.0	-35.57982	19.039116	5.3784504	-88.1044	2920000	1.2417634e-08	231.82312	-0.016793163	-63.58571	0.2199099	0.012024897	0.07643057	79.0	1311.0872828960419
292	-80.98096	26.312712	-30.501596	-181.55505	79.0	-32.703983	16.936876	2.4190578	-85.72156	2930000	-4.718701e-08	255.5011	-0.01653694	-46.70265	0.21925044	0.011505984	0.07923169	79.0	1315.1497356891632
293	-85.74955	27.460613	-37.703915	-160.31924	79.0	-32.735664	16.9946	2.7373805	-76.22906	2940000	-1.1175871e-08	290.80936	-0.015768936	-54.692425	0.21647914	0.012611846	0.085734285	79.0	1318.9114425182343
294	-81.38088	25.976025	-27.466507	-169.39026	79.0	-35.29108	18.523588	2.1923585	-72.330315	2950000	-4.4703484e-08	246.37016	-0.016167747	-37.0573	0.20669578	0.011314885	0.06742697	79.0	1323.1293694972992
295	-81.31897	24.845842	-33.063248	-195.74298	79.0	-34.276897	17.33245	6.5548496	-70.158134	2960000	2.2351742e-08	219.43471	-0.016155226	-41.08161	0.21164608	0.014820437	0.07813126	79.0	1327.3496384620667
296	-80.91172	22.373337	-39.436455	-153.21782	79.0	-34.23412	17.31688	8.902483	-70.67754	2970000	-2.7318796e-08	194.6372	-0.016465507	-41.249554	0.2229171	0.0120172575	0.07232893	79.0	1332.3569920063019
297	-81.25633	25.889975	-43.310684	-165.8883	79.0	-33.76113	17.029892	2.8863163	-77.35614	2980000	0.0	247.2492	-0.015474771	-41.631916	0.21172564	0.009789654	0.071428575	79.0	1337.0514016151428
298	-76.14073	19.989021	-36.1746	-152.07516	79.0	-33.821873	17.264307	4.798436	-69.49439	2990000	-7.450581e-09	158.12645	-0.016085023	-32.64841	0.22113387	0.014192608	0.079131655	79.0	1340.8886981010437
299	-84.41868	27.911068	-32.63595	-180.85995	79.0	-31.984545	16.109774	4.225415	-63.618908	3000000	-3.7252903e-09	276.27942	-0.009469626	-52.242474	0.22839804	0.014092267	0.07643058	12.0	1344.827540397644
