Epoch	AverageEpRet	StdEpRet	MaxEpRet	MinEpRet	EpLen	AverageVVals	StdVVals	MaxVVals	MinVVals	TotalEnvInteracts	LossPi	LossV	DeltaLossPi	DeltaLossV	Entropy	KL	Time
0	-494.06815	65.09097	-336.88864	-661.2935	79.0	1.1588471	0.5930939	2.428985	-0.99542516	10000	0.038648523	53412.58	-0.001652147	-6303.5166	1.1108327	0.0012425939	9.676017999649048
1	-488.46936	76.31244	-301.15775	-729.4967	79.0	-14.840174	0.23006482	-7.8673854	-14.952205	20000	0.03304606	45902.0	-0.0017989464	-2060.3057	1.094219	0.0022054259	18.43286919593811
2	-489.1668	81.41961	-257.56558	-647.0482	79.0	-20.590452	0.13090661	-17.69428	-20.63984	30000	0.01741264	44498.27	-0.0015570852	-1889.6406	1.0921605	0.0021072691	26.521676063537598
3	-483.78232	73.24926	-311.4891	-657.09235	79.0	-25.960846	0.15927893	-17.805706	-25.996267	40000	0.02314405	40848.125	-0.00033664712	-1701.1592	1.0949533	0.0006120532	34.68526911735535
4	-476.97086	78.450424	-293.48456	-697.24927	79.0	-30.846035	1.0449353	-10.942212	-31.082897	50000	0.011509903	37553.727	-0.0010757567	-1568.9023	1.0785855	0.00072764896	42.82100749015808
5	-475.11057	79.712776	-299.47958	-717.2583	79.0	-34.671593	4.9626203	11.044787	-35.981304	60000	-0.00019762851	36540.14	-0.0010170131	-1546.0449	1.0632896	0.0009057284	52.29940748214722
6	-473.42722	89.6985	-271.50488	-687.50244	79.0	-39.365856	6.0376315	23.002546	-40.88559	70000	0.02278904	34845.95	-0.00070530945	-1468.4893	1.077467	0.0004429454	60.70812749862671
7	-464.3085	82.43329	-243.76855	-635.0645	79.0	-43.640923	7.552444	18.596987	-45.70444	80000	0.008864203	31953.012	-0.00039636716	-1341.0312	1.0931556	0.0004089105	69.56270599365234
8	-467.02496	90.76034	-240.51057	-743.2784	79.0	-47.81528	8.633872	11.765961	-50.351307	90000	-0.012387415	30765.969	-0.0012777688	-1293.3877	1.0509807	0.0009998882	78.2492024898529
9	-457.56458	82.323074	-231.47392	-652.4165	79.0	-51.94926	10.176178	6.66867	-54.943584	100000	-0.010563244	28204.7	-0.0013051275	-1187.5474	1.0534394	0.000981794	86.6039981842041
10	-464.20218	87.07853	-275.1746	-689.6423	79.0	-55.967636	11.206162	14.251261	-59.399796	110000	-0.020776924	27619.72	-0.0010019103	-1170.123	1.0434599	0.0002494379	94.63580107688904
11	-466.837	84.73358	-289.68167	-698.58844	79.0	-59.775043	12.522482	4.656414	-63.848064	120000	-0.012967719	26773.346	-0.0010072156	-1156.7148	1.0458918	0.0010922189	102.81389713287354
12	-450.1497	86.5059	-230.83226	-722.7282	79.0	-63.49451	14.1447935	10.6502695	-68.294624	130000	-0.02397909	23481.562	-0.0006283056	-996.17334	1.0304615	0.00041408013	111.49661254882812
13	-470.54544	84.48349	-258.34033	-702.2582	79.0	-66.25458	16.372307	15.723956	-72.47909	140000	-0.015052813	24636.314	-0.00019005453	-1057.1895	1.0053455	0.00011827114	119.57788109779358
14	-459.847	82.59103	-284.53036	-658.0532	79.0	-70.14073	17.337425	20.54976	-76.803795	150000	-0.009728335	21809.05	-0.0011801177	-940.58496	1.0149622	0.0006827596	127.65281057357788
15	-459.63824	91.71385	-190.9667	-699.82385	79.0	-73.571724	18.45556	7.887143	-80.933754	160000	-0.016046353	22230.16	-0.0013266038	-956.0337	1.0010091	0.00055468443	136.20996356010437
16	-458.243	103.555786	-172.9764	-720.5098	79.0	-76.789215	20.128183	9.649495	-85.114655	170000	0.009713827	20997.602	-0.00018486351	-897.4116	0.9465187	0.00011267351	144.50074934959412
17	-448.62012	85.53306	-282.69492	-674.4955	79.0	-80.25347	21.255915	17.430908	-89.20494	180000	-0.01748779	18570.14	-0.0006636572	-818.729	0.94002223	0.00011534471	152.69926404953003
18	-442.42352	86.26574	-176.49371	-658.3563	79.0	-83.04207	22.809927	19.646873	-93.12261	190000	-0.010634053	16682.533	-0.00016917847	-753.8108	0.9490561	0.000644602	162.27666020393372
19	-465.099	93.780365	-251.28378	-739.051	79.0	-86.44795	23.663801	14.483559	-96.91856	200000	-0.019441858	19163.07	-0.00044344156	-855.59937	0.93710923	0.0002875629	170.83203983306885
20	-460.23328	94.38733	-247.53596	-697.0542	79.0	-89.58076	25.332256	12.535616	-100.97241	210000	0.0016133226	17594.02	-4.313764e-05	-805.1941	0.9338507	0.00019393786	180.4285373687744
21	-451.0612	93.46747	-224.74124	-727.39343	79.0	-92.573166	27.023483	17.224833	-104.98034	220000	0.011789851	15650.15	-0.000102790946	-697.17334	0.91815686	-0.000102514	192.26420998573303
22	-444.94122	94.14374	-171.77046	-722.58014	79.0	-95.02694	28.424696	12.432558	-108.74097	230000	-0.027206525	14645.721	-0.00029047183	-683.4646	0.90676343	5.2459378e-05	202.96259713172913
23	-461.8766	97.21102	-243.40224	-708.5159	79.0	-98.35304	29.358772	12.687721	-112.42047	240000	-0.011185237	15957.848	-0.00027054083	-744.24194	0.87782365	8.857615e-05	213.2855772972107
24	-441.12137	96.463745	-210.21628	-697.88336	79.0	-101.86377	29.954653	45.59501	-116.329666	250000	-0.026638549	12704.555	-0.0004926636	-604.2446	0.8698286	0.00032668986	222.2689938545227
25	-434.5112	88.78851	-237.6577	-700.3923	79.0	-103.44606	32.05173	11.215424	-119.8259	260000	-0.019649815	11775.5625	-0.00040086033	-566.0498	0.90768063	0.000574094	233.8998236656189
26	-440.79935	106.279396	-194.05363	-712.88446	79.0	-105.96448	33.40861	8.134477	-123.21057	270000	-0.031039553	12219.038	-0.00040498783	-562.8274	0.8681838	0.00017497982	243.40824437141418
27	-451.73825	85.07567	-223.45506	-676.8845	79.0	-107.61402	34.802757	8.942565	-126.63374	280000	-0.005521998	12292.932	-1.2204051e-05	-651.7473	0.81706357	5.96982e-05	252.95734572410583
28	-439.26797	112.41407	-190.53644	-751.2297	79.0	-111.3064	36.21133	12.545825	-130.23468	290000	-0.029494025	11516.359	-0.00024217507	-555.843	0.8320268	0.00013761058	262.2907247543335
29	-450.7959	103.344925	-209.02942	-707.4622	79.0	-111.92335	38.38456	13.024647	-133.61	300000	-0.015581816	11482.703	-0.00044851727	-628.2372	0.82442224	0.000527933	271.5454180240631
30	-450.03326	93.191	-208.43126	-708.0821	79.0	-114.75256	39.221245	15.098368	-137.04868	310000	0.012148866	10932.814	-1.9899104e-05	-580.01733	0.8100998	-8.607742e-06	281.1864790916443
31	-448.65903	97.72243	-229.05194	-743.2632	79.0	-118.09205	39.902176	15.4432955	-140.51584	320000	-0.023154132	10643.946	-0.0001742593	-594.5375	0.8179847	-3.206932e-05	292.39292645454407
32	-435.48575	97.62908	-221.10565	-738.66925	79.0	-118.142815	42.884907	8.826175	-143.97807	330000	-0.0075713694	9130.513	-0.00021333108	-538.3867	0.7921767	9.523713e-05	301.55740118026733
33	-437.49533	104.07218	-167.45654	-724.52094	79.0	-121.1713	42.918274	16.26347	-147.18126	340000	-0.0015814691	9186.353	-0.00010078959	-502.0869	0.7824367	6.530982e-05	310.91298747062683
34	-457.34567	98.11285	-265.84406	-729.10187	79.0	-123.22745	44.590443	8.80302	-150.39749	350000	-0.014759814	10280.394	-0.00025205454	-590.79004	0.7595226	-0.00016404875	319.375764131546
35	-448.0937	102.20154	-233.17488	-741.06995	79.0	-126.941124	44.564938	14.87199	-153.91168	360000	-0.004474759	8865.793	-0.000109493994	-498.4956	0.76936454	0.0001899337	327.62444829940796
36	-439.32516	101.1239	-158.56679	-690.58124	79.0	-128.62224	46.318405	19.562838	-157.21588	370000	-0.018078594	8347.293	-0.00012048008	-502.0182	0.76305306	6.018199e-06	336.00212144851685
37	-450.91714	105.04817	-205.03014	-723.59094	79.0	-129.33116	48.102467	18.944817	-160.2726	380000	0.007603267	8597.711	-9.98858e-06	-537.8368	0.74458873	1.6577917e-05	344.24752283096313
38	-452.96347	93.64066	-231.22008	-660.5412	79.0	-131.41403	50.02543	7.261881	-163.46455	390000	-0.006293685	8518.699	-0.00028405257	-526.9203	0.7277628	0.00014570056	352.63583636283875
39	-439.85797	95.3985	-250.84386	-661.69415	79.0	-133.69415	49.95202	6.633766	-166.74918	400000	-0.0026981765	7255.125	-0.00020858226	-445.77368	0.76156485	0.00028135732	361.21407079696655
40	-450.99762	96.85749	-217.66545	-688.5826	79.0	-134.16612	50.931038	13.76621	-169.72942	410000	-0.023611028	7547.9062	-0.00023566175	-487.0193	0.7281889	0.0002575632	370.7572169303894
41	-452.9962	102.01882	-230.6085	-669.6431	79.0	-136.43517	53.189327	5.187808	-172.8034	420000	0.007606363	7469.7666	-0.0002566732	-526.0924	0.7212339	9.958726e-05	379.4217619895935
42	-437.96515	95.288124	-219.41438	-681.1937	79.0	-140.25905	54.202602	6.4191027	-175.9708	430000	0.004339235	6483.8774	-5.9277518e-05	-493.80017	0.707189	8.718225e-06	387.86691522598267
43	-453.40204	94.179886	-217.81813	-712.69354	79.0	-138.5975	56.19271	3.331376	-178.9019	440000	-0.0019191792	6761.334	-0.00034976844	-515.4551	0.68246496	-0.00012273176	396.80737566947937
44	-441.47543	106.565384	-217.18578	-702.65796	79.0	-140.65138	57.7197	12.473979	-181.87253	450000	-0.0049382965	6545.1787	-0.00014274486	-454.46643	0.6906716	0.00017419757	405.0943193435669
45	-444.13	98.80486	-203.26024	-673.97406	79.0	-141.01268	58.767357	7.32919	-184.68968	460000	-0.018272504	5886.6074	-0.0001329435	-437.77295	0.66282016	-0.00010918134	413.2512834072113
46	-458.4603	100.65967	-131.64876	-674.57166	79.0	-144.66776	58.051334	5.2512465	-187.48239	470000	-0.011299143	6910.6743	-0.00015666697	-459.3545	0.68740475	5.7389392e-05	421.56645607948303
47	-452.1791	98.52196	-144.25792	-757.5581	79.0	-146.63965	58.33918	3.4757323	-190.69836	480000	-0.009149611	6057.2207	-0.00028561894	-426.11163	0.6529871	7.366639e-05	430.45632100105286
48	-439.18365	98.88027	-220.69449	-646.81213	79.0	-146.19128	62.067326	7.943475	-193.66862	490000	-0.008988861	5106.4766	1.5370897e-06	-423.10986	0.6472185	0.000109129505	439.0051476955414
49	-428.50217	98.170296	-227.27771	-647.15295	79.0	-146.25896	63.456276	6.8144503	-196.27034	500000	0.01865314	4849.627	-0.00012177543	-526.04474	0.6174494	-4.9851027e-05	447.4644339084625
50	-440.73044	97.402565	-242.02502	-675.20013	79.0	-147.69244	62.946766	3.7029684	-198.54951	510000	-0.0035308693	5167.826	-0.00010342803	-566.807	0.647715	0.000103159	455.88493847846985
51	-454.35394	101.38191	-153.4232	-744.7085	79.0	-152.05217	63.06681	0.9502256	-201.10861	520000	-0.012026077	5536.88	-0.00021561515	-523.52484	0.6052314	1.5573656e-05	464.3799707889557
52	-428.88165	97.49087	-164.67958	-689.38794	79.0	-153.0044	64.129036	1.4249303	-203.85352	530000	-0.01797478	4373.8623	-0.0003386424	-431.27277	0.592562	0.0002044605	472.9061496257782
53	-439.02036	117.599205	-221.91301	-719.0854	79.0	-151.85446	64.83699	7.4945736	-206.1245	540000	0.0065006604	5289.174	-5.7404162e-05	-505.87512	0.558836	-9.221198e-05	481.7116401195526
54	-438.67145	109.98701	-196.47296	-690.5743	79.0	-152.15013	66.42151	5.951358	-208.50702	550000	-0.044560708	4976.139	-0.00012670155	-489.26147	0.58528954	-0.00013983814	490.17610478401184
55	-446.37802	104.9944	-200.60573	-776.03876	79.0	-156.17383	66.81102	9.038552	-210.97032	560000	-0.008676702	4715.884	-0.0002562924	-437.3921	0.5578151	2.7052694e-05	498.6676170825958
56	-444.95514	102.76407	-207.92863	-771.0711	79.0	-156.15584	66.96054	2.5297115	-213.60182	570000	-0.009642208	4513.696	-0.00011160923	-466.34546	0.54497087	0.00012280307	507.03559613227844
57	-443.09155	100.01939	-221.87425	-688.0823	79.0	-158.28247	68.878944	5.0122814	-215.98042	580000	-0.009738174	4451.3145	-0.00034525804	-486.71802	0.57078767	5.9595415e-05	515.3498504161835
58	-438.2597	112.5218	-168.37831	-804.60004	79.0	-159.21127	68.86564	1.6978407	-218.40958	590000	0.022676356	4651.0835	8.025952e-05	-511.20435	0.53627145	-6.998151e-05	523.5728631019592
59	-447.05237	106.55999	-115.314255	-729.8103	79.0	-157.2624	70.80386	0.90641713	-220.59904	600000	0.022308327	4417.866	-2.2867811e-05	-517.16895	0.54093754	0.00019081954	531.9384803771973
60	-429.40756	107.9889	-155.80823	-728.7392	79.0	-157.99608	71.371796	3.4079075	-223.08638	610000	0.014745487	4221.34	-0.00014441134	-499.8319	0.50590056	-0.00016784685	540.9980523586273
61	-448.80548	110.42527	-172.00935	-744.35693	79.0	-155.90727	71.38266	5.3722267	-225.0775	620000	0.011641132	4490.465	-0.000121027115	-622.49066	0.51261383	1.2745877e-05	549.5102880001068
62	-439.95325	103.42766	-192.89459	-724.6427	79.0	-161.66412	73.90234	3.5577075	-227.53577	630000	-0.013743553	4137.6777	-0.00014024042	-528.8257	0.5515426	0.00020082247	558.6909086704254
63	-441.4561	102.8171	-179.76291	-724.845	79.0	-159.4503	73.451256	8.506922	-229.65865	640000	0.022819348	3863.2915	-0.00016308855	-524.2773	0.54234105	3.6172663e-05	567.6705391407013
64	-417.49576	113.3609	-124.59005	-707.8135	79.0	-162.27354	75.131805	10.006834	-231.58481	650000	-0.022305591	4075.6208	-8.821371e-05	-544.2051	0.5013726	0.0001845153	575.9020707607269
65	-437.36877	107.71465	-171.50876	-731.331	79.0	-158.53195	73.818245	16.865183	-233.15031	660000	0.011712179	4307.569	2.8192531e-05	-583.0262	0.4921054	4.4110493e-06	584.3170838356018
66	-427.0263	108.926445	-175.06369	-759.55176	79.0	-160.17993	73.94412	15.356546	-235.24217	670000	0.014567003	3798.519	-8.9562964e-05	-534.6084	0.49042815	0.0001259498	593.2426316738129
67	-437.85535	101.51762	-215.53896	-668.35046	79.0	-160.09277	74.99977	8.459328	-236.79163	680000	-0.026671123	4127.418	-0.00014629494	-563.09735	0.48628914	0.00010796881	601.7725358009338
68	-433.23743	112.1385	-138.03023	-734.09863	79.0	-166.09497	76.05143	7.3251066	-238.72516	690000	0.02077246	4147.9014	-7.2192866e-05	-515.78064	0.48011664	1.7673741e-05	610.5106222629547
69	-429.04395	111.33375	-121.061195	-768.729	79.0	-167.1233	77.085884	11.72783	-240.55396	700000	0.013197532	4027.9836	-7.644785e-05	-635.5226	0.4780087	4.149099e-05	619.3819975852966
70	-432.56866	111.97045	-143.46802	-652.46906	79.0	-160.81795	76.89077	6.81147	-242.16866	710000	-0.013625533	3846.2847	-0.0002876236	-522.6776	0.48030365	7.5358475e-06	627.9473166465759
71	-423.9273	95.84977	-197.24889	-715.41095	79.0	-164.14375	77.31835	7.7994547	-243.80635	720000	-0.013037022	3335.303	-0.00018452684	-528.9923	0.4489975	-0.00010962669	636.7371718883514
72	-440.01144	110.399734	-165.86519	-701.913	79.0	-160.1346	78.35233	8.422114	-245.25117	730000	0.0067374418	4172.536	-2.9698014e-05	-696.215	0.4639226	5.2242613e-06	645.0092008113861
73	-431.26917	106.058	-179.06581	-693.35156	79.0	-165.61685	79.83479	8.521296	-247.40843	740000	0.009078929	3586.4885	-2.5254674e-05	-573.5661	0.4426683	0.00014287219	653.2100579738617
74	-431.8838	106.8533	-189.37057	-691.4575	79.0	-161.31139	79.1156	7.3167214	-249.21465	750000	0.032202158	3689.5613	-1.9720057e-05	-704.20294	0.46172327	3.1228905e-05	661.4971148967743
75	-419.20688	96.49861	-192.02867	-680.08405	79.0	-162.89435	78.93445	15.495921	-250.816	760000	0.024097264	3023.6692	-0.00013404526	-527.88025	0.486017	1.1220329e-05	671.0685396194458
76	-434.05765	111.83794	-192.62735	-724.6517	79.0	-163.00027	78.39108	11.446572	-252.04085	770000	-0.007288115	4004.727	-5.0991774e-05	-617.5942	0.45218682	-1.2471277e-05	679.5765995979309
77	-416.33536	106.26434	-198.5153	-708.39874	79.0	-163.70038	81.54239	9.279277	-253.4371	780000	-0.0016760454	3508.4497	-0.00012251083	-558.1607	0.50366896	3.7176844e-05	687.8433773517609
78	-435.23935	103.93928	-160.21469	-684.9249	79.0	-160.48918	80.04072	8.11364	-254.5631	790000	0.01904789	3533.1309	-0.00011881208	-624.11	0.4873196	0.00011955587	696.5937888622284
79	-412.1384	109.33913	-180.74626	-651.9871	79.0	-164.51305	80.29913	12.014076	-256.30637	800000	-0.0005168952	3516.2632	-8.435501e-05	-617.17456	0.5056554	5.3553955e-05	704.8377819061279
80	-437.4758	96.37077	-154.49573	-684.7436	79.0	-163.74994	81.56653	10.294541	-257.3791	810000	-0.006463363	3359.8848	-8.768926e-05	-670.51056	0.491727	0.00012923488	714.475355386734
81	-434.0252	107.288925	-192.72891	-700.4231	79.0	-170.5698	83.08757	5.5240874	-258.9039	820000	-0.02006019	3638.7114	-6.9524394e-05	-533.5941	0.43764472	5.6756577e-05	722.9615094661713
82	-431.60083	116.9006	-178.2225	-817.08185	79.0	-165.79895	82.40312	4.9104524	-260.7418	830000	0.0020064823	4002.2717	-0.000102964696	-726.5674	0.44577703	6.502928e-05	731.9171607494354
83	-436.78787	117.44189	-150.9384	-830.44916	79.0	-168.78514	82.42753	10.555538	-262.16165	840000	-0.008339072	3567.523	-0.00012516603	-488.82562	0.45697618	5.565151e-06	740.549699306488
84	-436.77112	112.20587	-144.10344	-679.99475	79.0	-167.0656	81.691765	9.115843	-263.60114	850000	-0.017483253	3958.482	-4.112115e-05	-748.4518	0.48491174	2.0948253e-05	748.7204852104187
85	-436.28717	108.88678	-174.86183	-717.8953	79.0	-168.46132	82.92863	22.99976	-265.0342	860000	0.022405034	3292.0996	1.4174031e-05	-507.56903	0.45952088	0.00010796265	756.9887526035309
86	-432.70895	124.45433	-137.06282	-716.0429	79.0	-166.37888	80.4884	9.161287	-266.53833	870000	0.01924758	4282.7573	-0.00011646375	-867.846	0.43897802	3.7755664e-05	765.2166385650635
87	-441.40707	122.86297	-172.22728	-697.29395	79.0	-167.78976	83.079346	7.455546	-268.0782	880000	0.004971264	3888.7278	-0.00028511113	-630.128	0.4782825	4.7337293e-05	773.7222273349762
88	-439.5084	112.081764	-162.86337	-730.0573	79.0	-171.72957	84.13062	10.215306	-270.11118	890000	0.029038068	3436.793	-0.0001627421	-606.791	0.46745884	1.6683065e-05	782.1920483112335
89	-443.6841	108.35039	-178.44284	-819.36053	79.0	-169.31683	83.275566	8.610563	-271.7205	900000	-0.0056974282	3736.9482	-7.511827e-05	-766.96246	0.4696659	0.00014241651	790.7568528652191
90	-432.20233	101.182465	-151.51448	-641.7877	79.0	-174.12958	84.623245	11.466427	-273.3147	910000	0.002150081	2989.6118	-6.954186e-05	-436.79004	0.5050004	0.0001723751	798.8805642127991
91	-421.4079	115.61679	-180.1147	-719.4425	79.0	-173.84862	84.22732	3.1297731	-274.45178	920000	-0.01500846	3622.1814	6.4205495e-05	-594.03284	0.48752347	8.25516e-05	807.3350818157196
92	-445.06995	115.052765	-109.45325	-782.5212	79.0	-167.44435	83.13777	5.661677	-275.32248	930000	0.020067215	3764.017	-0.00011028233	-563.74646	0.49164683	4.4426342e-06	815.6108222007751
93	-427.21213	102.14004	-162.35889	-684.8995	79.0	-174.33667	86.35715	6.48334	-277.3134	940000	-0.0077446355	3465.0342	-0.00016687624	-622.57434	0.48592308	-9.449008e-06	823.9507012367249
94	-440.61884	105.55114	-239.6256	-689.9996	79.0	-166.3382	85.87088	4.5382624	-278.1576	950000	-0.0008620112	3471.1675	-3.405381e-05	-471.10248	0.49673867	1.1601482e-05	832.3438580036163
95	-444.19342	102.008194	-185.17172	-712.61584	79.0	-171.67543	86.07739	12.241787	-279.4502	960000	0.01553507	3068.9688	-0.00018693414	-422.32648	0.498702	7.543508e-05	840.657678604126
96	-412.41602	99.86228	-171.83255	-621.1471	79.0	-172.12746	84.79255	54.42688	-281.04816	970000	0.00076749874	3013.5393	-0.0001196058	-494.9944	0.524781	8.0235055e-05	849.0254120826721
97	-428.8653	113.26445	-161.21233	-692.3483	79.0	-166.58862	83.74279	8.633784	-281.76447	980000	-0.02481072	3670.0828	-7.584039e-05	-678.221	0.5468974	-0.00012959393	858.0722589492798
98	-415.10635	103.6534	-188.07094	-652.69464	79.0	-166.0914	84.46914	9.779804	-282.90558	990000	0.0186962	3199.3389	-0.000427993	-625.233	0.5042895	0.00036520674	866.3102858066559
99	-436.95193	103.74444	-133.9698	-704.4215	79.0	-169.58116	83.19872	17.394073	-283.5163	1000000	2.4811365e-05	3435.8022	-0.00034085847	-566.42255	0.5251349	0.00015119127	874.4610242843628
100	-417.304	107.19605	-187.85573	-689.75006	79.0	-173.46585	86.29155	6.4574447	-284.66437	1010000	-0.034912683	3437.7957	6.480981e-05	-577.24976	0.5387335	0.00010032564	883.2979590892792
101	-429.9836	109.40113	-181.9613	-722.92163	79.0	-169.64706	81.3204	10.379759	-285.14532	1020000	0.0011586528	3413.5132	-2.3489818e-05	-528.595	0.56236935	1.946708e-05	891.5566289424896
102	-416.28735	113.08561	-166.4245	-680.49664	79.0	-172.41158	84.94768	2.110942	-286.44342	1030000	-0.02176803	3460.9124	-0.00014580204	-601.43756	0.5465078	1.336784e-05	899.7950744628906
103	-436.59653	121.5284	-167.50638	-721.8359	79.0	-166.2195	82.043686	4.5765877	-287.2329	1040000	-0.020443086	3773.935	-0.00014749868	-798.9622	0.56934035	-0.00011401376	909.57422041893
104	-445.96942	111.13774	-177.1367	-702.4221	79.0	-171.62051	84.457855	12.299666	-288.79138	1050000	-0.0040003937	3225.3416	-5.164789e-05	-524.6793	0.5612716	4.2126332e-05	921.0263245105743
105	-435.7918	119.255104	-172.71872	-808.3049	79.0	-174.29932	85.63931	14.638672	-290.53003	1060000	0.0052362857	3789.473	-0.00020716852	-603.02576	0.5250008	-3.162926e-05	932.1573123931885
106	-450.09344	105.66002	-162.64653	-709.92145	79.0	-173.77768	88.9172	23.355694	-292.12888	1070000	-0.01808811	3536.5854	-0.00016548019	-648.5503	0.51912236	0.000111957605	943.509931564331
107	-441.14618	112.68674	-206.27342	-755.4974	79.0	-177.16818	88.89436	10.272518	-293.52612	1080000	0.0305568	3787.7212	-3.7505728e-05	-683.85767	0.5151361	2.2641141e-05	955.5371363162994
108	-422.6854	109.23575	-188.98962	-728.9449	79.0	-172.7024	89.79493	11.632099	-294.6905	1090000	-0.024337329	3297.2766	-0.0002478147	-847.09076	0.51412785	9.76191e-05	964.6937620639801
109	-430.6506	108.8352	-209.8228	-715.8057	79.0	-167.32602	84.83078	24.427834	-295.97745	1100000	-0.032824785	3360.5083	-0.00016462912	-591.1022	0.5271211	1.2980352e-05	973.9110953807831
110	-437.58328	114.67559	-151.94537	-707.6685	79.0	-168.88188	88.13024	11.8683605	-297.09735	1110000	0.0027727932	3565.9814	-1.2244331e-05	-616.9776	0.53588176	5.2357056e-05	982.2815716266632
111	-416.98172	97.13015	-226.21712	-620.71936	79.0	-174.06897	88.540634	9.407547	-298.22626	1120000	-0.009776608	2815.7173	-0.00014780182	-558.7439	0.545878	0.00012431545	990.8296642303467
112	-434.18396	118.22554	-119.16714	-708.9163	79.0	-161.8386	83.38234	2.0484338	-299.11945	1130000	0.021178085	3661.3296	-2.5498448e-05	-726.3533	0.5000277	-9.131389e-06	998.9509491920471
113	-448.69675	115.97773	-158.84117	-789.52246	79.0	-170.94373	87.39312	14.920551	-300.43634	1140000	-0.014687509	3594.9517	-2.3836561e-05	-486.38678	0.5521311	1.0516004e-05	1007.2025375366211
114	-454.09402	106.26982	-168.35747	-706.31525	79.0	-178.52388	91.43366	9.854625	-302.18582	1150000	0.0046003684	3267.4246	-0.0003183523	-536.812	0.5527884	0.00020969432	1015.610113620758
115	-431.10327	99.75002	-169.2886	-681.0724	79.0	-178.29431	92.75282	16.191769	-303.84137	1160000	-0.0067596897	3099.0813	-0.00014551217	-551.9687	0.55455565	7.3299707e-06	1024.1287574768066
116	-443.1268	118.8436	-158.50175	-704.4441	79.0	-168.72847	85.42218	12.59543	-304.41516	1170000	-0.029513028	4023.9922	-3.7716236e-05	-723.2065	0.5583136	3.1025196e-05	1033.0881943702698
117	-443.68146	101.47039	-180.10268	-689.47845	79.0	-175.666	88.31565	10.270956	-305.94272	1180000	0.023857389	3166.4814	-0.00014213612	-685.1618	0.5606406	-9.722135e-07	1041.331075668335
118	-424.08365	119.85872	-162.91127	-739.5435	79.0	-176.66652	90.15604	5.263802	-306.7372	1190000	-0.0012443494	3702.3926	-0.00012744428	-642.9486	0.5615535	-1.9405836e-05	1049.6515996456146
119	-439.34924	100.72966	-193.53645	-665.87775	79.0	-169.77107	86.69463	13.093947	-307.58597	1200000	0.007506634	3115.937	-6.0920836e-05	-601.35675	0.5598095	1.52337525e-05	1058.038296699524
120	-449.89172	115.626686	-172.91724	-718.36005	79.0	-176.29002	87.010574	7.3838573	-308.98102	1210000	0.0030963868	3461.1553	-0.00028994965	-661.91925	0.5615889	-0.000101582955	1066.9201374053955
121	-433.2223	99.28124	-190.40408	-662.235	79.0	-177.7555	91.09111	18.318867	-310.3278	1220000	-0.03363651	3343.3025	5.2233925e-05	-804.659	0.56563413	-4.947074e-05	1075.2183182239532
122	-441.915	102.72532	-174.56906	-681.5709	79.0	-173.69714	90.57685	14.907915	-310.47156	1230000	0.01792347	3354.3784	-5.903002e-05	-645.2216	0.5708499	4.5924902e-05	1083.786841392517
123	-425.48935	95.92271	-184.06833	-700.80164	79.0	-170.75986	91.91874	10.01605	-311.3088	1240000	0.005280396	2883.1572	-0.0001388457	-543.83673	0.5215862	0.00013103464	1092.9468998908997
124	-442.6418	116.98168	-124.07186	-757.99854	79.0	-168.53563	86.79076	16.882256	-312.21857	1250000	0.009989219	3811.4468	-0.00018428406	-705.1575	0.5921426	4.5494064e-05	1101.4023621082306
125	-433.68088	107.54038	-151.4037	-711.45654	79.0	-173.6475	90.87769	14.192984	-313.7296	1260000	-0.008615555	3262.1665	-0.00018085027	-532.9665	0.5486201	1.1504131e-05	1109.7380826473236
126	-441.00385	109.75769	-199.01093	-748.2774	79.0	-175.1695	88.10452	7.0785193	-314.74435	1270000	0.01727609	3215.124	-0.00021893904	-527.7129	0.57193655	4.956169e-05	1117.9879710674286
127	-448.78818	107.39577	-190.93263	-737.57635	79.0	-176.04253	89.37136	7.3570457	-315.81818	1280000	-0.008840348	3496.9446	-0.00015848968	-640.1687	0.55993557	-6.380936e-05	1126.5193326473236
128	-433.1343	113.01686	-173.52055	-711.80444	79.0	-178.66064	91.743065	17.665821	-317.95044	1290000	0.008206514	3569.547	-0.00018403036	-711.7754	0.5886932	0.00034679234	1134.9645216464996
129	-453.9618	112.05676	-108.0511	-734.69403	79.0	-172.16495	87.46749	15.8175125	-318.0371	1300000	-0.008095297	3382.4316	-5.652802e-05	-683.62695	0.5788027	1.8730569e-05	1143.6288487911224
130	-433.22147	116.824326	-169.04935	-735.4857	79.0	-178.662	89.38531	7.3422737	-320.25256	1310000	0.0049760286	3768.705	-8.177012e-06	-851.4164	0.582672	8.517487e-06	1152.5486319065094
131	-446.81274	107.07352	-142.89952	-682.40283	79.0	-172.56242	89.05801	10.387869	-320.9658	1320000	-0.0064477175	3576.0083	-0.00016143965	-765.9735	0.57045746	7.485006e-06	1161.074209690094
132	-431.2476	104.43433	-167.19365	-632.2419	79.0	-180.3434	88.75638	6.0706434	-321.35205	1330000	-0.008144109	3478.715	-0.000109387096	-530.3672	0.58031434	3.025586e-05	1169.283239364624
133	-433.21478	105.25146	-158.7997	-686.38916	79.0	-172.94548	88.36824	11.998236	-321.90063	1340000	-0.001860274	3237.924	-0.00016428297	-774.53784	0.59390754	1.854587e-05	1177.4989819526672
134	-434.9724	108.15486	-186.78687	-682.5627	79.0	-171.57892	87.99816	6.017443	-323.53595	1350000	0.008865191	3709.5212	-0.00020646909	-682.29236	0.5387316	9.0669986e-05	1185.6764497756958
135	-428.35678	110.62192	-161.55978	-725.3717	79.0	-175.51552	88.925026	11.819566	-322.54532	1360000	0.0061281025	3478.7349	4.312489e-06	-760.1317	0.5798892	7.130023e-05	1194.1483345031738
136	-431.8224	104.329926	-210.9312	-707.8483	79.0	-171.9547	87.30332	10.844492	-324.8654	1370000	0.004825704	3498.1724	-6.971322e-05	-816.596	0.5625132	-1.2810069e-05	1202.7475051879883
137	-434.57196	113.45288	-200.15929	-689.455	79.0	-173.2385	88.57735	17.295918	-324.71622	1380000	-0.022876393	3282.2964	-5.6697987e-05	-531.9533	0.5628537	9.9036144e-05	1211.4789624214172
138	-450.64417	108.33725	-214.10168	-798.023	79.0	-173.22142	91.13344	11.821989	-326.52237	1390000	-0.0060367715	3267.872	-0.00021676585	-572.4248	0.5852441	-2.826397e-05	1220.0626525878906
139	-438.68646	109.24254	-160.66747	-702.7483	79.0	-176.60388	89.422554	9.945751	-327.20883	1400000	-0.0036450806	3743.8193	-0.00013531325	-516.4391	0.56465083	5.609558e-05	1228.65198969841
140	-429.49997	104.04706	-178.09023	-691.69556	79.0	-176.39679	88.604416	6.380353	-327.49332	1410000	-0.019514455	3026.703	-8.081063e-05	-487.00934	0.58457804	-9.225863e-06	1237.7226340770721
141	-440.94473	114.71039	-141.78395	-735.86475	79.0	-175.2756	86.1669	4.6711435	-328.83945	1420000	-0.0005515497	3350.433	-0.00012762868	-689.0324	0.5625313	4.0757997e-05	1246.8187878131866
142	-425.21887	107.53558	-140.1845	-744.2759	79.0	-172.34778	88.78717	9.425074	-330.85483	1430000	0.01405775	3117.2866	-0.00020952246	-510.5393	0.55142057	-1.2816927e-05	1255.1368973255157
143	-440.24127	115.89865	-192.43982	-732.0954	79.0	-174.09975	88.456635	5.704457	-328.95343	1440000	0.011331988	3413.7622	-2.4763867e-05	-650.8206	0.55680025	-5.917299e-05	1263.47802400589
144	-446.79126	114.79381	-164.38884	-725.5216	79.0	-176.15138	91.940895	6.2810044	-331.06067	1450000	-0.0009355359	3548.225	-0.00014505442	-597.52094	0.5492487	0.0001129217	1273.0012764930725
145	-442.03378	111.4649	-225.4493	-769.8012	79.0	-178.95909	92.99007	7.1381655	-333.63312	1460000	-0.009574136	3490.1533	-9.134947e-05	-724.95984	0.55476224	3.2988191e-06	1281.5334050655365
146	-436.45584	113.54041	-125.67005	-715.1515	79.0	-179.30785	92.448006	9.556761	-335.1031	1470000	-0.008282227	3226.7737	-0.00017950358	-664.334	0.59249127	0.00018167958	1290.4576132297516
147	-412.50934	122.251205	-168.03181	-779.7402	79.0	-171.02275	87.01915	12.686323	-336.53754	1480000	-0.01867209	4007.1255	-0.00012792868	-688.5002	0.5643581	9.348037e-06	1298.6580166816711
148	-433.42877	112.68612	-198.33582	-728.39374	79.0	-169.2667	85.62854	6.393391	-334.15985	1490000	-0.007846997	3475.2227	-6.681704e-05	-622.0209	0.5671584	-1.2242286e-05	1307.0319571495056
149	-448.41678	111.54683	-148.60649	-696.0078	79.0	-173.45378	88.32996	11.071234	-334.2294	1500000	0.005435877	3462.6147	-0.0002450766	-659.4609	0.5426735	5.8252263e-06	1315.5036969184875
150	-416.7483	106.28675	-150.8265	-788.98486	79.0	-177.54958	93.71884	19.124632	-338.78027	1510000	-0.026923683	3943.438	-0.00022734923	-917.7043	0.5537112	-8.6851054e-05	1325.617193698883
151	-421.75015	115.99312	-165.25082	-794.59406	79.0	-166.44017	87.01229	11.31009	-331.42596	1520000	0.010603489	3829.68	-0.00030598836	-580.8686	0.5410484	9.563e-05	1335.0833399295807
152	-418.08002	111.05165	-187.58218	-702.4178	79.0	-167.401	87.167404	9.359211	-329.43866	1530000	-0.0034392439	3421.9333	-0.00013784878	-460.09833	0.5336671	0.00015543333	1344.0685443878174
153	-431.34805	126.77615	-116.38289	-716.35815	79.0	-168.72853	86.18197	13.328179	-327.32135	1540000	-0.008766762	4018.569	-0.00015255202	-602.247	0.54375327	0.00019469757	1352.6357288360596
154	-430.98764	116.71123	-169.0246	-813.0264	79.0	-168.89526	89.88886	10.2505245	-339.83292	1550000	-0.0028316956	3769.0806	-5.822582e-05	-547.76587	0.5413197	0.00017428336	1360.8430666923523
155	-445.365	113.93084	-166.81541	-672.0046	79.0	-173.66092	89.07819	12.07343	-340.75598	1560000	0.011277796	3528.3577	-0.00017122773	-547.0811	0.54979956	-0.00012255885	1369.4720225334167
156	-418.095	101.09601	-164.09857	-731.2262	79.0	-177.57835	89.150444	9.443882	-342.42978	1570000	-0.02764522	3082.5967	-0.0003153969	-596.4157	0.5394089	6.483131e-05	1378.115970134735
157	-428.0746	115.341156	-177.79561	-776.9309	79.0	-171.60428	81.86579	2.9777632	-335.46695	1580000	-0.00079875067	3592.549	1.2815464e-05	-825.09515	0.5382695	-4.324716e-05	1386.9977548122406
158	-414.99603	99.5672	-192.14476	-678.8345	79.0	-174.93001	88.77024	9.1910095	-343.62668	1590000	-0.00963237	3135.373	-0.00021175237	-726.27606	0.5466161	0.00023604516	1396.6891837120056
159	-435.23633	106.00068	-205.17494	-755.8772	79.0	-167.65135	83.726425	8.11982	-343.6112	1600000	0.015829237	3428.8599	-4.818826e-05	-804.25977	0.53024685	0.00013362594	1405.2491617202759
160	-430.8064	114.40028	-153.1342	-696.82697	79.0	-176.3914	90.07432	8.397221	-340.8976	1610000	-0.006001003	3657.6726	-7.743109e-05	-687.3338	0.5404794	-2.5223608e-05	1414.2861227989197
161	-436.483	102.55243	-142.52907	-709.5316	79.0	-173.63052	91.365486	18.720915	-345.39294	1620000	0.0090175215	3275.4883	-0.000109629706	-601.0539	0.53777266	2.3582776e-05	1422.921713590622
162	-426.08176	107.87699	-188.49615	-717.61066	79.0	-174.47052	88.2995	6.978479	-342.29877	1630000	-0.0046693897	3300.7195	-0.000102430815	-561.6859	0.52233744	1.643577e-05	1431.2623784542084
163	-453.26437	115.89298	-190.10385	-725.59985	79.0	-170.1622	87.92291	28.035973	-336.7324	1640000	-0.0012681354	3930.8997	-3.5566627e-05	-744.5279	0.5379423	2.3283314e-05	1439.5602850914001
164	-442.71307	121.949455	-196.93335	-747.8369	79.0	-179.74858	91.79791	6.823143	-348.2958	1650000	0.0017017853	3768.8293	-3.6673853e-05	-905.904	0.5354762	9.5443145e-05	1447.8108303546906
165	-410.34695	101.20656	-173.49515	-651.02924	79.0	-178.41078	90.40233	10.927326	-338.0757	1660000	-0.0033226162	3572.7126	-3.5888515e-05	-862.9318	0.552761	3.3047196e-05	1456.6485612392426
166	-424.4232	102.27845	-194.5583	-683.287	79.0	-166.87035	87.11529	10.968098	-324.40753	1670000	-0.021230662	3007.0098	-0.00036490313	-653.46344	0.54973346	-3.1013944e-05	1465.0669877529144
167	-437.3516	111.710815	-184.83675	-683.5592	79.0	-173.70587	85.25974	14.70476	-327.8196	1680000	-0.0050653834	3500.1362	-6.769854e-05	-596.7067	0.5270227	9.76528e-05	1473.4913065433502
168	-449.4155	114.6059	-190.46945	-808.6504	79.0	-174.2994	88.27743	14.726017	-332.13727	1690000	-0.0065112403	3488.211	-5.6547113e-05	-524.4136	0.5155915	-0.00010927857	1482.1801271438599
169	-444.2403	109.2897	-166.118	-753.58545	79.0	-175.00629	92.06377	18.695484	-335.0408	1700000	0.009240256	3212.4683	-8.5914624e-05	-490.3368	0.5264673	4.540433e-05	1490.5337438583374
170	-430.51657	109.04394	-173.33244	-774.6183	79.0	-175.18645	88.68063	13.690859	-338.05725	1710000	-0.0018101884	3554.708	-4.919828e-05	-777.748	0.51301783	-4.9644595e-06	1499.2763538360596
171	-431.27847	111.14862	-169.26381	-749.6612	79.0	-176.26295	87.39582	18.835411	-334.21304	1720000	0.014909296	3329.5046	-0.00014431548	-799.0117	0.5182414	7.201552e-05	1507.7727551460266
172	-424.69412	102.32683	-195.14143	-683.96985	79.0	-171.7205	88.16832	13.564391	-339.58307	1730000	-0.0046131047	3285.291	-4.5497203e-05	-699.2248	0.5140643	-2.414564e-05	1516.6550137996674
173	-431.71863	107.20007	-180.95709	-736.2635	79.0	-168.793	86.359886	14.160503	-337.6362	1740000	-0.008173834	3387.3945	-9.915745e-05	-730.2829	0.5140308	-6.066017e-06	1524.9473967552185
174	-437.69583	120.351036	-158.51172	-798.7592	79.0	-175.959	86.00802	8.307886	-337.09106	1750000	0.0011807233	3919.5327	-0.00016498007	-977.1029	0.51409864	2.9941366e-06	1533.1653082370758
175	-433.40237	107.85509	-194.52567	-767.12744	79.0	-177.65959	90.80641	16.510845	-343.20697	1760000	0.004477104	3641.489	-1.8440187e-07	-1033.7356	0.5225816	-9.545792e-05	1541.6418557167053
176	-429.53326	106.18946	-152.37384	-689.6939	79.0	-170.9073	87.69649	9.973316	-341.155	1770000	-0.032700576	3709.5127	-0.0001381326	-1177.5659	0.511468	1.4605111e-05	1549.987129688263
177	-444.2696	101.55503	-254.63081	-715.2672	79.0	-172.82379	89.67042	9.135764	-339.68515	1780000	0.005698489	3352.262	-0.00014867797	-808.6235	0.53300184	1.3040844e-05	1558.628202676773
178	-437.3582	105.315254	-178.97672	-665.1346	79.0	-175.05545	91.18169	12.187332	-343.30682	1790000	0.007201504	3257.3677	-0.00012861572	-815.891	0.53450483	0.00017904422	1567.1685545444489
179	-447.89868	110.5814	-153.95445	-697.0559	79.0	-178.36407	91.464584	8.849557	-344.53268	1800000	-0.031127535	3638.7688	-0.0004654955	-500.42023	0.5174341	0.00014757704	1576.325654745102
180	-439.48282	112.3178	-185.28992	-732.45734	79.0	-178.86156	92.2073	13.01973	-338.64984	1810000	0.0012610294	3528.0994	-7.6463446e-05	-673.98865	0.5051229	-0.00016936008	1585.3302462100983
181	-426.34967	115.12757	-163.32039	-757.85156	79.0	-174.45651	89.05264	27.671238	-339.17407	1820000	0.0009888969	3481.482	-9.636069e-05	-607.44666	0.49191284	3.482298e-05	1593.7317926883698
182	-428.6945	100.20357	-191.736	-747.99066	79.0	-170.0642	85.649506	22.305653	-334.8366	1830000	0.012519512	3286.2969	6.9843736e-05	-589.8161	0.4744344	-6.253817e-05	1602.1305150985718
183	-441.89243	118.084435	-158.42252	-716.26965	79.0	-173.31512	86.34843	9.676569	-336.28946	1840000	0.012201363	3895.9453	-9.275647e-05	-794.4721	0.46960533	4.9991377e-05	1610.6524968147278
184	-437.09872	129.80014	-170.6008	-808.98364	79.0	-173.72905	92.36234	13.951166	-340.89917	1850000	0.0025694948	4207.9805	-5.0514936e-06	-882.1747	0.4591992	-3.2427233e-05	1619.618322134018
185	-428.72958	103.05259	-197.71951	-743.04144	79.0	-172.46245	91.45121	14.595806	-348.7795	1860000	0.0071709305	3685.9302	-0.00017010444	-1104.6311	0.48400685	3.467639e-05	1628.421251296997
186	-433.80374	117.96072	-200.82614	-749.3238	79.0	-171.2937	90.4297	8.246872	-333.66223	1870000	6.2026083e-06	3677.9814	-0.00012935931	-670.86743	0.49634513	2.6572088e-06	1637.257496356964
187	-425.7901	108.52865	-184.712	-701.7848	79.0	-171.3053	89.36854	13.234737	-332.44162	1880000	0.005335434	3356.4187	-0.00011424231	-701.7372	0.4775071	9.19686e-05	1645.682579755783
188	-428.2151	120.81723	-158.59964	-734.91064	79.0	-170.7619	86.14309	6.7477684	-345.56525	1890000	0.00032933988	3701.8076	-0.0001102439	-659.6782	0.48576885	0.0001886234	1654.0236365795135
189	-437.02896	115.40989	-176.29387	-748.01074	79.0	-173.0543	90.75158	15.306709	-351.59146	1900000	0.003621446	3920.8606	3.430713e-05	-659.2663	0.5150318	-5.3123058e-05	1662.3414633274078
190	-428.77176	110.31778	-124.78847	-748.2531	79.0	-175.06235	87.39138	6.971277	-344.72397	1910000	0.0011353628	3661.707	-4.675676e-05	-694.00635	0.50228494	-8.5348634e-05	1670.6719353199005
191	-427.09604	106.84999	-197.6226	-737.4838	79.0	-171.48717	86.56428	18.283768	-337.6334	1920000	-0.01396193	3306.7495	-5.5506825e-06	-647.1581	0.5363581	-4.5644774e-05	1678.9401018619537
192	-427.06516	111.389725	-175.47072	-723.01556	79.0	-174.74886	89.0698	18.144333	-344.99796	1930000	0.008598806	3543.3086	-0.00010798988	-949.563	0.52613014	-8.6477385e-06	1687.1913523674011
193	-421.99673	111.396935	-146.35193	-688.43164	79.0	-172.52103	91.0948	16.538303	-361.5971	1940000	-0.013598897	3803.9119	-5.459276e-05	-957.2889	0.5266592	-6.5258755e-06	1696.2292404174805
194	-435.54028	107.26221	-178.77283	-732.95056	79.0	-167.63232	88.11957	8.13903	-352.40396	1950000	-0.004581216	3101.0286	-2.3198314e-05	-687.7869	0.5182815	-1.8958639e-05	1704.5899465084076
195	-421.18073	93.015236	-121.10875	-662.6662	79.0	-170.98883	88.055374	25.287369	-356.61893	1960000	-0.0011050685	2853.4905	-2.8537586e-05	-491.33435	0.52359104	1.9376625e-05	1713.9911878108978
196	-413.81305	101.64289	-202.06631	-686.6236	79.0	-167.88023	86.46883	15.119345	-343.99716	1970000	0.0076697413	3479.0698	-3.5214704e-05	-773.46185	0.51182514	6.9553425e-07	1722.2531406879425
197	-425.54904	104.910576	-200.10915	-746.2249	79.0	-167.3491	86.21695	14.70382	-334.69	1980000	0.0006892085	3424.7422	-8.849334e-05	-693.78296	0.5297433	3.5672754e-05	1730.6491477489471
198	-416.6344	103.6331	-171.86774	-757.2736	79.0	-166.08025	85.71173	21.15952	-334.40176	1990000	-0.009099652	3121.1143	-0.00010035772	-630.64795	0.5262542	3.4436904e-05	1739.1824181079865
199	-434.35275	104.4134	-196.61078	-671.4813	79.0	-168.37953	86.18828	17.235003	-342.127	2000000	0.015534567	3482.8086	-0.00014533382	-746.76605	0.52630734	9.351683e-05	1747.8925626277924
200	-428.11447	108.6434	-130.62613	-674.6212	79.0	-175.85922	88.3975	15.079954	-351.20465	2010000	-0.0011128159	3312.269	-0.00011289399	-682.2506	0.53492916	0.00018999964	1757.993138551712
201	-426.17227	112.33892	-181.6154	-690.6087	79.0	-172.507	86.9959	15.853684	-360.35144	2020000	0.013144515	3731.0273	-0.00012623698	-778.5083	0.52982837	9.1892245e-05	1766.8329513072968
202	-435.57562	113.547455	-168.32352	-737.1436	79.0	-167.83597	86.780685	10.922997	-345.29587	2030000	-0.0055498146	3277.1824	-4.6217116e-05	-669.1453	0.5554198	-2.5911268e-06	1775.7384977340698
203	-437.2799	109.04882	-198.8069	-735.4777	79.0	-172.80005	89.17801	14.004272	-352.52747	2040000	0.002286958	3728.6824	-4.5098597e-05	-788.3675	0.5482579	2.7248434e-05	1784.5147609710693
204	-435.8676	118.1766	-172.66592	-739.27216	79.0	-175.23943	88.56154	24.4713	-358.21115	2050000	-0.0008042436	4043.579	-0.00014473265	-804.59564	0.56170774	-0.00017450613	1792.6983184814453
205	-424.1299	112.28038	-152.85144	-745.31085	79.0	-176.59673	91.95071	19.228168	-358.4283	2060000	0.015643565	3575.7524	-0.00040580845	-820.6914	0.55582213	0.00030698645	1801.0954344272614
206	-434.67886	120.94707	-170.82306	-776.8228	79.0	-173.70425	88.3785	12.635818	-363.3086	2070000	0.0016669156	3705.481	-0.00020869635	-659.56494	0.55243194	0.00066118094	1810.0089797973633
207	-427.96478	114.881645	-189.04434	-715.7651	79.0	-173.40527	88.29957	14.701874	-377.21466	2080000	-0.005242327	3699.334	5.9857033e-05	-688.76184	0.5787136	2.6768183e-05	1819.0619583129883
208	-433.67685	102.74516	-176.58107	-706.614	79.0	-172.55118	90.69998	15.189766	-352.1108	2090000	0.010137329	3465.19	-0.00047292653	-799.24786	0.58880216	8.506524e-05	1827.411230802536
209	-427.3732	106.33823	-177.95955	-737.87476	79.0	-173.68953	86.48124	14.927714	-348.07254	2100000	0.015295941	3114.6082	-0.0007255862	-668.116	0.6165693	-6.1698e-05	1835.9160175323486
210	-413.37363	106.91322	-146.02321	-650.9049	79.0	-170.40463	86.90718	7.3711667	-353.6033	2110000	0.0008936005	3313.942	-0.00014996435	-732.77747	0.6157471	0.0006554655	1844.2760424613953
211	-425.20047	102.96119	-210.1083	-670.131	79.0	-169.5305	88.94916	9.671349	-357.6769	2120000	-0.013855494	2879.41	-9.5018026e-05	-542.0255	0.6283865	1.0716714e-05	1853.0213468074799
212	-423.7323	110.661934	-159.29471	-681.2261	79.0	-168.9108	86.40108	8.823105	-355.88144	2130000	-0.00823513	3581.7188	-0.00039277365	-733.16956	0.64764404	0.00037237298	1861.3915128707886
213	-445.91568	106.47657	-221.64915	-681.37335	79.0	-175.91197	89.609886	11.289289	-363.8951	2140000	0.008287678	3466.6953	-0.0001269062	-743.9131	0.6518192	0.0006337416	1870.9793829917908
214	-419.09836	106.62154	-167.74759	-692.9126	79.0	-177.78825	92.67126	17.931713	-361.7846	2150000	0.0028470773	3536.2861	-0.00023104437	-909.80743	0.6556374	0.0006560688	1879.5738174915314
215	-421.49567	108.770195	-186.89957	-686.2237	79.0	-166.8145	85.879074	5.6394706	-351.59448	2160000	-0.0011178367	3084.9136	-0.00019780407	-767.2612	0.6779901	0.00011055291	1888.2033536434174
216	-437.7268	113.083916	-143.71126	-700.1339	79.0	-167.59364	88.625145	22.20149	-348.30368	2170000	0.003814294	3645.7607	-0.0006308807	-1037.3743	0.6706555	0.00089081895	1896.779117822647
217	-444.8543	123.72741	-171.96039	-749.5632	79.0	-177.02357	90.910576	14.04413	-360.3696	2180000	-0.0009809667	3841.003	0.0002107273	-777.9545	0.6933334	0.00020889431	1905.197966337204
218	-435.83356	108.199684	-189.50049	-709.1927	79.0	-176.96796	91.87774	16.144068	-364.39035	2190000	0.0010852828	3374.2812	-5.526468e-05	-638.544	0.6962317	1.7923216e-05	1913.5505406856537
219	-444.73184	103.31761	-202.95111	-703.8775	79.0	-176.3184	90.58732	15.994815	-367.80682	2200000	-0.0058330633	2941.7856	-9.152712e-05	-815.58777	0.70291483	-0.00015196911	1921.9942643642426
220	-428.3044	98.15835	-195.23747	-676.53503	79.0	-181.83218	92.0274	14.544549	-362.64764	2210000	-0.0076204035	3557.3857	-2.9090617e-05	-971.2623	0.70551026	-0.00018768478	1931.6314933300018
221	-421.06445	102.962456	-126.626564	-658.2373	79.0	-171.9634	87.43511	18.203781	-353.5302	2220000	0.0032712063	3092.2053	-7.643807e-05	-607.1094	0.7074318	0.00017666383	1939.9875457286835
222	-456.6202	112.14321	-184.37096	-776.51227	79.0	-174.9874	87.70413	9.595619	-345.32324	2230000	0.0076511	3524.1382	-0.0005091908	-818.3457	0.7140272	-9.056808e-05	1948.5365731716156
223	-424.33417	100.45951	-217.17075	-679.14136	79.0	-183.82256	94.97448	13.663975	-375.99576	2240000	0.009852672	3369.7896	3.1227246e-06	-1020.8561	0.71679264	0.0004619671	1957.1152172088623
224	-415.17752	108.129555	-158.90472	-724.15356	79.0	-172.5796	86.37437	12.707101	-364.04785	2250000	-0.02468546	3915.5635	8.972827e-06	-1211.0297	0.73126596	-1.7675782e-05	1965.409758090973
225	-427.33298	107.69461	-185.11902	-703.36993	79.0	-165.509	87.3006	25.857811	-368.73444	2260000	0.0016747732	3737.6387	-7.790863e-06	-799.4295	0.7039814	0.00019648092	1973.745193719864
226	-433.31833	100.8221	-194.3403	-711.2103	79.0	-167.11217	88.996796	19.54295	-348.3171	2270000	-0.008113049	2983.62	-5.796179e-05	-540.21936	0.72420293	9.172661e-06	1982.1759803295135
227	-431.6259	107.90864	-176.44417	-708.1447	79.0	-168.13588	89.15068	20.381588	-359.06094	2280000	0.0111124655	3497.5227	-7.476457e-05	-698.2078	0.7097012	-4.2307987e-05	1990.9315097332
228	-439.109	111.235146	-158.7183	-677.1785	79.0	-170.98662	88.098045	16.200249	-349.12915	2290000	-0.011350325	3234.4878	-8.0970116e-05	-730.3843	0.7160969	5.8716323e-05	1999.5236039161682
229	-418.27643	104.584145	-200.75827	-658.7014	79.0	-179.92798	91.403465	27.764057	-373.02808	2300000	-0.0073107844	3286.02	-5.922094e-05	-627.36053	0.7255891	-3.23172e-05	2008.3069486618042
230	-429.0104	118.14902	-153.02307	-784.3054	79.0	-170.11342	87.55529	19.589542	-359.52585	2310000	0.0030656587	3426.9312	-0.00012911763	-709.85364	0.71241814	-5.09192e-05	2016.8090751171112
231	-428.94992	97.8527	-160.10222	-641.2027	79.0	-173.05763	91.68202	10.971457	-358.20847	2320000	-0.009445693	3416.303	-0.00010200497	-935.57684	0.72479695	-0.00014443745	2025.112473487854
232	-431.60416	98.98961	-221.8428	-688.4913	79.0	-170.87096	86.006004	18.114685	-372.94608	2330000	-0.008617206	2803.1455	-0.00042639393	-524.57764	0.71677226	-0.00015310182	2033.4357061386108
233	-433.93817	104.624176	-213.71251	-798.13586	79.0	-173.80627	89.82101	8.558517	-362.36456	2340000	-0.016397191	3350.1216	-0.00012724288	-832.14453	0.7367354	0.00021371139	2041.7350113391876
234	-427.14542	99.011986	-189.66058	-722.9605	79.0	-173.3224	90.219925	7.856151	-369.88388	2350000	0.009830774	3090.6743	-0.00013308623	-661.04865	0.7098523	0.0001598183	2050.494218826294
235	-445.86008	109.50381	-155.06223	-670.20355	79.0	-171.30092	87.00418	15.337948	-364.0776	2360000	-0.0059089083	3383.9736	-0.00027946767	-857.9466	0.70325804	0.00030640088	2058.9366335868835
236	-415.3915	110.88903	-174.57918	-693.5231	79.0	-177.37514	94.55674	16.560068	-378.94495	2370000	-0.0046850992	3791.685	-0.00028204097	-924.7695	0.6958186	0.00063219445	2067.274341583252
237	-442.98502	99.04006	-190.89754	-772.80237	79.0	-161.85062	87.187515	12.022871	-344.3599	2380000	0.004081808	3309.8525	-0.00010895822	-762.60144	0.68294704	0.00029983043	2075.669716835022
238	-414.54675	109.160255	-174.94952	-704.35724	79.0	-175.54636	88.79209	6.4670343	-339.61954	2390000	-0.009878527	3602.6626	-0.00044232327	-677.29596	0.68490845	0.0002650873	2084.106912612915
239	-416.50204	113.40815	-142.65045	-753.87976	79.0	-165.1717	88.78179	8.477118	-363.8611	2400000	-0.0056875893	3205.0037	-0.00022648572	-554.31067	0.67989284	0.0004246105	2092.8834216594696
240	-431.3557	101.380936	-194.52766	-750.83887	79.0	-161.0812	86.74048	9.534252	-377.15393	2410000	-0.0023167217	3613.8877	-0.00020618597	-808.4876	0.66486156	3.698726e-05	2101.7482557296753
241	-433.67123	108.173256	-135.3268	-776.7559	79.0	-172.823	89.51315	7.770607	-361.14383	2420000	-0.011923015	3192.5	-0.00088849326	-565.5674	0.6626986	0.00056818704	2110.512666463852
242	-406.73022	108.57396	-182.51526	-634.46173	79.0	-172.40994	90.861855	10.808916	-374.55008	2430000	0.0051689036	3529.9512	-6.737231e-06	-940.1387	0.65101093	0.00055589766	2119.215495824814
243	-433.14114	112.93953	-151.60593	-670.1702	79.0	-160.8263	82.44041	9.834833	-350.96674	2440000	0.002515722	3665.5137	0.00020067394	-1005.08215	0.6328628	0.0002484805	2127.8637266159058
244	-438.14682	107.487	-194.11209	-734.0376	79.0	-172.64815	88.57652	11.726778	-362.61777	2450000	-0.0039844383	3359.6157	-4.58503e-05	-724.2387	0.63716537	0.00038054306	2136.1311841011047
245	-427.38116	96.50093	-231.48558	-659.68854	79.0	-170.89552	88.842735	16.296885	-364.65387	2460000	-0.016180094	3301.1477	-0.00053210993	-763.25635	0.61715454	0.00026005425	2144.2856953144073
246	-426.28992	91.91888	-168.18922	-780.9295	79.0	-175.29327	89.217354	3.5975714	-354.53604	2470000	0.0018346692	2987.9832	4.2665954e-05	-597.1338	0.62351453	0.0005496928	2152.731675863266
247	-422.08618	117.31667	-177.52904	-692.8663	79.0	-171.28606	87.46781	12.48513	-334.98	2480000	0.0059983754	3827.5762	4.703377e-05	-809.8416	0.5881976	0.0001650982	2161.2376594543457
248	-421.05112	109.499374	-181.76233	-748.82416	79.0	-168.85258	85.98831	16.666868	-367.5036	2490000	-0.001279803	3800.7236	-1.2243632e-05	-1048.2676	0.5770395	-2.3478868e-05	2170.2060136795044
249	-430.36057	106.854065	-173.64986	-701.3676	79.0	-172.28027	88.826195	12.6421585	-346.87518	2500000	-0.00265799	3328.2026	-6.785535e-05	-810.34753	0.567049	1.0062864e-05	2178.90025472641
250	-435.92987	108.35469	-175.81665	-717.27844	79.0	-169.22183	88.44731	8.70842	-350.74643	2510000	-0.012890284	3694.7266	-0.00021059319	-680.2443	0.56993544	0.00028451742	2187.2351512908936
251	-450.85837	104.00548	-212.78033	-765.53613	79.0	-174.70332	88.32488	13.757982	-357.60373	2520000	-0.005761221	3119.3452	-0.00027278764	-708.6374	0.5726118	0.00055745675	2195.9168634414673
252	-441.5908	114.77192	-159.26843	-730.43896	79.0	-181.44836	90.441376	12.315972	-360.3185	2530000	-0.016090598	3336.7993	-0.000244	-822.6533	0.55808735	0.00045407272	2204.1872415542603
253	-433.02887	106.81066	-170.88097	-724.616	79.0	-179.78294	91.34337	15.291912	-361.41016	2540000	-0.0021268977	3605.918	-0.00011936878	-813.33905	0.5536746	0.0006210157	2212.463130712509
254	-408.7346	102.3187	-155.88397	-661.7822	79.0	-172.98131	89.34192	15.530579	-355.73468	2550000	-0.011027152	3102.6084	-7.226458e-05	-643.0439	0.5313915	0.00023281781	2221.101585149765
255	-427.72784	114.890015	-186.85931	-714.8699	79.0	-165.28638	84.10616	8.926401	-333.23074	2560000	-0.000936456	3769.5671	-0.00018964999	-751.1216	0.5179123	0.00028754352	2229.783361673355
256	-438.13324	121.34077	-143.8429	-726.95825	79.0	-173.92091	89.43945	5.1599836	-362.16806	2570000	-0.011484314	3813.2427	-1.8554681e-05	-657.1414	0.50332713	-0.00015351208	2238.2870421409607
257	-417.61923	107.19127	-179.66667	-742.20734	79.0	-171.5665	91.43827	11.716308	-359.73956	2580000	0.0028729811	3651.9436	-5.606399e-05	-754.1854	0.51956475	0.00029028454	2246.691427230835
258	-433.5056	128.94373	-168.66649	-794.47473	79.0	-166.8509	85.02993	10.645585	-341.89017	2590000	-0.008205481	4088.374	-0.00011318957	-760.90607	0.50210994	0.0002927212	2255.0428013801575
259	-434.08536	116.18803	-169.27591	-761.0647	79.0	-176.87924	91.21698	23.156744	-360.83035	2600000	0.0004289504	3884.409	-6.74827e-05	-697.78546	0.48757118	0.00010601133	2263.401671409607
260	-420.85336	115.88518	-161.18518	-671.3542	79.0	-172.04727	87.31793	13.364046	-354.34567	2610000	-0.0014108608	3484.183	2.6784139e-05	-634.02234	0.47557056	1.0121283e-05	2272.369415998459
261	-416.9612	105.87971	-171.71182	-706.10474	79.0	-174.99915	89.11582	17.888468	-364.96356	2620000	-0.014823509	3914.4067	-0.000102302176	-910.6591	0.45574063	-1.4157076e-05	2280.6858010292053
262	-427.1473	120.37179	-127.407326	-766.5367	79.0	-167.63799	85.1003	14.488528	-334.584	2630000	-0.0003993027	4168.463	-6.455928e-06	-771.51807	0.46525538	5.6908506e-05	2289.3191657066345
263	-409.6918	117.00307	-165.6724	-673.34717	79.0	-172.81007	89.257256	13.477504	-342.61633	2640000	0.009605117	4069.7253	1.0109507e-05	-866.9728	0.45194906	1.898372e-05	2297.882026910782
264	-438.41202	127.76046	-150.28117	-772.81915	79.0	-168.78073	87.76823	12.579803	-368.3188	2650000	-0.016800264	3860.3198	-5.9133396e-05	-689.1632	0.45281348	-7.3145557e-06	2306.081578016281
265	-435.36734	101.32585	-188.23277	-752.2552	79.0	-170.9605	89.0908	4.2445946	-384.32755	2660000	0.010380696	3641.8826	-5.590357e-05	-717.3656	0.45174	5.0610543e-05	2314.3974945545197
266	-429.49487	112.55304	-202.27773	-693.80597	79.0	-177.67944	87.73008	13.581709	-340.11447	2670000	0.014880672	3523.2498	-0.0002716686	-671.1773	0.45749885	4.5981815e-05	2322.8839962482452
267	-437.34222	106.19539	-230.17851	-707.0844	79.0	-171.11572	89.94507	15.73497	-345.5218	2680000	0.0040741637	3639.3374	3.7977472e-05	-773.9684	0.4627026	-4.8230504e-08	2331.1477789878845
268	-426.02313	112.54386	-150.6352	-711.74506	79.0	-175.534	88.60579	8.6915	-351.28772	2690000	-0.00019537006	3618.2505	-0.00012524065	-676.8469	0.47415823	4.302788e-05	2339.980805158615
269	-435.69012	113.375656	-166.37376	-707.62604	79.0	-169.4163	88.4587	7.2756767	-343.83725	2700000	-0.014257284	3082.0698	-2.6228372e-05	-471.68945	0.46973732	0.00014078482	2348.543767929077
270	-432.15836	114.83298	-193.5711	-680.95496	79.0	-171.41998	90.953156	10.953068	-341.02682	2710000	0.017204601	3724.2017	-0.00020022277	-651.7273	0.47470146	-2.39254e-05	2357.4960379600525
271	-426.76077	125.114784	-139.09657	-790.6056	79.0	-170.21259	87.32203	19.994146	-348.9614	2720000	0.0016995743	3941.8506	-0.0003112154	-630.96985	0.48072687	0.0002451093	2365.68838095665
272	-430.09268	118.61577	-129.14685	-701.61	79.0	-166.66754	89.53715	17.634518	-370.72644	2730000	-0.0007389162	3558.0454	-9.694195e-05	-784.2719	0.4859424	0.00014810573	2374.2209792137146
273	-457.46472	118.6027	-142.20593	-863.38574	79.0	-176.3692	88.401344	14.863991	-379.24185	2740000	0.010888178	3640.56	-0.0002017403	-754.15356	0.48004338	0.00036628288	2382.611867904663
274	-405.07333	118.11216	-120.666504	-706.6081	79.0	-181.6048	91.502655	9.863977	-361.0094	2750000	-0.020716818	4065.0947	-4.0495303e-05	-1248.3751	0.4933638	0.00014965226	2390.9132721424103
275	-439.03012	113.26727	-169.82329	-699.17334	79.0	-162.65395	86.57946	15.150505	-353.3559	2760000	-0.005138115	4347.3477	-3.6985264e-05	-1089.1985	0.5089812	3.1533375e-05	2399.430309534073
276	-430.5848	103.35863	-202.2127	-700.3433	79.0	-175.40718	89.471054	5.6045985	-351.25827	2770000	0.0029541403	3328.0645	-5.7972036e-05	-549.7467	0.51437604	8.6260436e-05	2407.966778278351
277	-419.14536	111.69957	-163.91016	-675.0107	79.0	-172.25734	86.80362	13.73913	-338.05008	2780000	0.0014826069	3077.223	-7.889513e-05	-429.47943	0.50993097	7.839724e-05	2416.8233029842377
278	-437.56232	116.80126	-151.3966	-780.9922	79.0	-168.90434	88.56007	22.549238	-356.1327	2790000	-0.0040698014	4290.424	-0.0003033476	-968.903	0.52946043	-0.00011527274	2425.2045300006866
279	-443.97284	108.02454	-190.37039	-753.9444	79.0	-177.14874	91.25472	12.467102	-348.29932	2800000	-0.019010795	3613.0527	9.872392e-05	-842.3507	0.5386102	3.0284566e-05	2433.6989381313324
280	-442.3982	123.8549	-223.16187	-763.7879	79.0	-175.49754	92.03351	14.952328	-360.7944	2810000	-0.0025571757	3813.998	-6.976118e-05	-569.7419	0.5389652	4.8098602e-05	2442.967294216156
281	-423.9453	113.37766	-164.022	-734.44293	79.0	-177.50761	90.40256	25.898487	-371.9646	2820000	0.011143075	3806.972	-5.960092e-05	-656.3802	0.5460173	7.775328e-06	2451.298196554184
282	-421.9886	111.12618	-168.67279	-714.13776	79.0	-170.9819	87.760666	15.632308	-358.6496	2830000	-0.0001344923	3519.3418	-0.00021369802	-658.329	0.5246955	0.00023786139	2460.087381839752
283	-425.48328	106.3637	-144.28094	-663.2564	79.0	-167.50798	86.58044	12.589172	-363.79797	2840000	-0.002843812	3238.8628	-0.00018113293	-759.1234	0.53528565	0.00025600562	2469.2384164333344
284	-421.50812	103.41449	-106.90033	-658.35223	79.0	-172.00528	89.48323	21.864426	-370.64896	2850000	-0.016231645	3444.3838	-0.00013024267	-686.09515	0.5407591	7.208922e-05	2477.936774969101
285	-433.03754	110.42271	-166.33391	-727.92145	79.0	-167.77568	86.95	20.991127	-344.32513	2860000	-0.00036688987	3795.6094	-9.39219e-05	-787.79596	0.5547694	6.386352e-05	2486.2855842113495
286	-447.09073	110.574844	-196.2763	-739.0329	79.0	-178.1722	89.80054	14.01371	-364.49997	2870000	0.0064529516	3746.189	-8.621685e-05	-611.03674	0.56613207	4.6169866e-05	2494.8121526241302
287	-435.0523	98.64087	-194.19077	-638.03766	79.0	-177.94345	90.440254	12.269085	-367.6465	2880000	0.003935219	3199.472	-0.00045700953	-648.2042	0.5607556	0.0004928283	2503.0640127658844
288	-434.88812	122.99462	-135.39375	-842.158	79.0	-175.80472	91.99731	9.919839	-363.6929	2890000	-0.012207554	3676.4158	6.7302026e-05	-741.26385	0.58291894	8.0576865e-07	2511.3193929195404
289	-430.8313	110.566216	-216.44589	-723.3833	79.0	-170.84857	87.7839	15.641726	-366.17957	2900000	-0.004075844	3119.8174	-0.00013417052	-643.35175	0.5749447	-0.00010512427	2519.666811466217
290	-430.06625	106.222244	-180.75618	-706.22943	79.0	-171.69865	90.82851	20.519716	-380.84494	2910000	-0.004558657	3401.2485	-0.00013891543	-675.0032	0.5848003	-5.823138e-06	2528.408851623535
291	-435.3004	130.25409	-123.964806	-736.4199	79.0	-171.48134	89.2989	13.623444	-364.7668	2920000	-0.00059054047	3512.5303	-0.00011650039	-534.49036	0.58390474	8.489543e-05	2538.1506950855255
292	-430.72583	119.54249	-199.62335	-671.1786	79.0	-171.67883	90.6866	15.870771	-367.75555	2930000	0.0022453805	3952.9893	-1.10074325e-05	-859.2521	0.5725904	7.147328e-05	2546.9016013145447
293	-421.21442	113.9393	-180.49857	-699.54297	79.0	-175.34302	87.43243	16.807688	-354.83298	2940000	-0.013406671	3641.7778	-0.00020320174	-843.76733	0.5669427	-4.001447e-05	2556.1846318244934
294	-423.27368	118.04828	-176.68715	-666.97485	79.0	-175.7742	92.823204	16.136547	-362.69617	2950000	-0.000979396	4028.8506	-0.00015043654	-808.2904	0.5730159	1.1632048e-05	2564.7728629112244
295	-434.00845	111.33154	-132.74258	-749.3856	79.0	-168.68088	88.060936	12.595758	-365.4632	2960000	-0.0025097625	3491.5132	-0.00011862209	-648.3389	0.58412725	6.24892e-05	2573.616807937622
296	-439.74408	109.99082	-202.46597	-698.2384	79.0	-174.27382	89.95808	6.814219	-347.1217	2970000	0.00091452524	3352.4634	-5.8128964e-05	-741.485	0.5902953	6.1997416e-05	2582.135850429535
297	-438.97498	115.80153	-148.46062	-711.7904	79.0	-173.4751	91.72838	13.487932	-357.7959	2980000	0.0019220482	3791.7168	-9.934115e-05	-827.4235	0.6061176	-0.00010574749	2590.8630027770996
298	-432.93744	117.34131	-151.88327	-733.9086	79.0	-171.36133	91.17747	21.111351	-359.4255	2990000	8.4843487e-07	3911.6912	-0.000105063504	-724.8804	0.5787338	3.238245e-06	2599.189770936966
299	-433.3636	101.99616	-100.29351	-696.0809	79.0	-171.86996	88.11537	15.630286	-354.0086	3000000	-0.00020813849	3319.564	-1.2094388e-05	-722.81946	0.59201735	-3.9986648e-05	2608.1946086883545
