Epoch	AverageEpRet	StdEpRet	MaxEpRet	MinEpRet	EpLen	AverageVVals	StdVVals	MaxVVals	MinVVals	TotalEnvInteracts	LossPi	LossV	DeltaLossPi	DeltaLossV	Entropy	KL	Time
0	-459.41666	60.736923	-303.89212	-593.75183	79.0	-0.04039043	0.5867342	1.2079194	-1.3868979	10000	-0.0077594277	45035.07	-0.0024021144	-5288.4424	1.2715282	0.0017968549	9.399077415466309
1	-466.45544	72.95177	-307.00323	-693.47894	79.0	-14.55618	0.3452534	-9.00534	-14.702145	20000	-0.002763573	40700.145	-0.0010766545	-2015.7773	1.2766876	0.00016454712	17.57157254219055
2	-460.03336	70.314705	-286.4618	-662.4139	79.0	-20.491943	0.16516884	-16.455944	-20.5537	30000	-0.008093018	38608.29	-0.0007743265	-1789.8394	1.2714658	0.0003841974	26.010603189468384
3	-461.8327	60.912407	-271.19147	-629.6996	79.0	-25.90801	0.22722477	-18.69242	-25.959425	40000	-0.008607255	36475.844	-0.0009309366	-1664.6133	1.2789673	0.00030634063	34.62728524208069
4	-463.1984	73.119965	-296.70197	-645.1439	79.0	-30.88987	1.2584925	-11.887284	-31.15323	50000	-0.01895931	34789.035	-0.00063548074	-1579.564	1.2736812	-2.4757523e-05	43.404661893844604
5	-451.2581	54.687588	-284.022	-586.83765	79.0	-35.120857	4.3314795	-1.6052113	-36.210255	60000	-0.014347791	30372.82	-0.000116691575	-1365.0791	1.2671862	-0.00017590974	52.05130100250244
6	-460.78183	60.042515	-331.12582	-620.8532	79.0	-39.37831	6.0057178	4.4303036	-40.968445	70000	-0.008229573	31344.24	-0.0005478881	-1418.3042	1.2782011	0.00013565853	60.465463399887085
7	-448.39316	54.939922	-289.68887	-591.2235	79.0	-43.936073	7.0395455	8.0812025	-45.831905	80000	-0.02411573	27891.492	-0.0007134513	-1279.2383	1.2679633	-0.0002703853	68.67046213150024
8	-451.43713	71.26569	-295.12695	-660.73804	79.0	-48.12411	8.437094	8.679174	-50.50939	90000	-0.020143203	27652.605	-0.0001735657	-1264.1548	1.27013	-0.000101188794	76.78600835800171
9	-442.13107	67.360435	-307.09863	-631.9395	79.0	-52.432182	9.44295	15.005739	-55.17949	100000	-0.0179728	24737.072	-0.00044213125	-1120.4058	1.2736518	0.00017212998	85.01909899711609
10	-454.95474	70.62812	-248.66228	-609.09503	79.0	-55.96067	11.270553	24.655499	-59.628445	110000	-0.018395066	25719.076	-0.00066404766	-1183.6318	1.2668135	6.115736e-05	93.15756583213806
11	-456.55368	58.46085	-283.99152	-601.6593	79.0	-60.1506	12.278374	16.688292	-64.21952	120000	-0.0197063	23643.898	-0.00040914305	-1100.27	1.2639742	0.0001677357	102.05374383926392
12	-451.6864	66.77598	-289.12674	-623.9275	79.0	-63.871063	13.6338415	12.795541	-68.69851	130000	-0.015647875	23337.605	-0.0006362656	-1080.478	1.2668543	0.00016437226	112.17043852806091
13	-452.43246	59.053818	-262.08627	-690.47986	79.0	-67.52969	15.448985	12.526657	-73.156555	140000	-0.015870335	21669.76	-0.00080753537	-1008.09717	1.2497	0.00013628438	122.5803279876709
14	-449.5993	63.938446	-252.36098	-635.9775	79.0	-70.92563	16.924267	5.713559	-77.493004	150000	-0.02979545	20621.97	-0.00045384956	-961.1616	1.2541414	2.1187167e-05	132.80006909370422
15	-449.44098	59.61014	-298.7442	-569.0355	79.0	-74.45354	18.340616	15.163329	-81.77063	160000	-0.026349274	19186.066	-0.00030224863	-900.978	1.2485856	-3.8295984e-06	143.4347608089447
16	-439.78156	59.12875	-288.81668	-591.6138	79.0	-77.90233	19.658087	13.779626	-85.95428	170000	-0.017403772	17192.727	-0.00041062466	-805.73755	1.2462581	1.1643286e-05	152.9584505558014
17	-448.83688	69.79062	-254.98677	-606.99756	79.0	-80.94081	21.205091	22.762331	-89.95055	180000	-0.022357652	17929.232	-0.00041534315	-842.5669	1.2421651	0.00011456765	161.96272611618042
18	-443.2466	62.069195	-301.67755	-612.9532	79.0	-84.16809	22.400625	10.180967	-94.06119	190000	-0.03549896	16274.257	-0.0007360459	-779.2888	1.2326866	0.0005139563	170.03392434120178
19	-438.81635	67.80661	-247.28793	-609.0995	79.0	-87.42601	23.612728	19.618832	-98.04387	200000	-0.026412506	15411.04	-0.0007607995	-754.7678	1.2313209	0.00019708711	178.18715286254883
20	-448.62183	67.20385	-289.96155	-622.86646	79.0	-90.43633	25.033306	11.537496	-101.97717	210000	-0.030743321	15662.272	-0.0010729029	-772.9531	1.2239814	0.00011393416	186.75166249275208
21	-444.66354	62.695526	-208.12067	-593.0514	79.0	-93.36092	26.822834	9.995749	-105.97629	220000	-0.021549515	14698.119	-0.0007033972	-727.2976	1.2254667	0.00032444904	194.90785336494446
22	-448.59238	66.01403	-290.85443	-608.1204	79.0	-96.0882	27.84013	22.141998	-109.91336	230000	-0.030746434	14184.666	-0.00057570194	-719.32153	1.2088335	4.50854e-06	203.36801314353943
23	-438.5539	59.138878	-313.7984	-602.6409	79.0	-99.69785	29.220406	8.500023	-113.83164	240000	-0.018518504	12326.708	-0.0004962578	-625.5469	1.2181058	0.0001487103	211.72348618507385
24	-434.1841	61.136078	-315.05	-591.68835	79.0	-101.31181	31.36116	25.357462	-117.53349	250000	-0.027960557	11496.442	-0.0005651051	-590.1421	1.202564	-1.762694e-05	220.25709176063538
25	-424.03967	60.487003	-251.32407	-597.7281	79.0	-103.46607	32.84768	8.816244	-121.143135	260000	-0.022187948	10295.732	-0.0004490947	-529.84204	1.1960297	-0.00019188075	228.9848415851593
26	-431.23962	57.673355	-273.2746	-579.6657	79.0	-106.0551	33.700768	12.3829975	-124.58703	270000	-0.015467655	10364.391	-0.0005344143	-536.41797	1.1921853	0.0002858994	237.2814862728119
27	-422.1827	58.68123	-234.03546	-575.7865	79.0	-108.331474	35.73714	15.31314	-128.05728	280000	-0.038806308	9414.473	-0.0009058034	-531.65283	1.178607	4.6361652e-05	245.45923900604248
28	-424.70883	64.61844	-270.29706	-592.1935	79.0	-109.836174	37.266148	13.120844	-131.44116	290000	-0.038418792	8922.722	-0.00046577863	-510.41968	1.1831445	0.0005151504	253.7405481338501
29	-432.2109	54.656727	-304.98447	-622.7927	79.0	-113.77505	37.705296	36.4792	-134.70148	300000	-0.031940985	8982.895	-0.0006658432	-522.04297	1.1771364	-0.0002653245	262.0045657157898
30	-427.70923	68.43128	-246.33289	-778.4688	79.0	-115.489624	39.059734	16.590494	-138.14551	310000	-0.021255359	8992.839	-0.00031437376	-533.78174	1.159498	0.0005158884	270.1001400947571
31	-423.58463	63.96292	-289.73798	-616.87085	79.0	-117.29171	40.65279	10.173467	-141.53583	320000	-0.050689984	7819.3604	-0.0005001789	-486.21875	1.1639955	-8.956717e-05	278.31383085250854
32	-417.81522	67.019485	-284.9031	-619.4872	79.0	-118.6431	42.50704	12.392101	-144.76305	330000	-0.03785915	7227.7046	-0.0005443399	-433.04407	1.1558201	0.000654641	286.658837556839
33	-420.74277	62.978024	-236.3665	-611.0892	79.0	-120.30581	43.918446	11.406626	-147.8389	340000	-0.031225309	6912.005	-0.0006962611	-444.7516	1.1307819	-0.00013243765	294.92224860191345
34	-419.71564	59.78744	-255.89339	-633.9736	79.0	-122.2986	44.709724	10.191508	-150.92949	350000	-0.028278556	6709.9736	-0.0002134908	-456.59705	1.1281974	0.000407669	302.9792625904083
35	-412.4272	63.71888	-234.73953	-601.3836	79.0	-125.10276	45.96193	8.390064	-154.083	360000	-0.03429125	5920.6045	-0.0004241579	-410.64404	1.1292727	0.00040350266	311.47403359413147
36	-425.46252	60.007336	-256.36865	-645.34503	79.0	-125.35442	47.499878	21.220112	-156.96643	370000	-0.03836413	6359.9443	-0.00022280798	-428.13806	1.1014304	0.00011801249	319.2876284122467
37	-424.40512	58.883385	-306.87195	-696.9439	79.0	-128.05577	48.600998	25.572792	-160.10075	380000	-0.041210964	5986.8926	-0.0006215451	-417.14294	1.0869005	-0.0001253103	327.1207175254822
38	-424.5861	65.719215	-252.85619	-589.923	79.0	-131.2649	48.310635	10.656362	-163.21172	390000	-0.03205785	5831.077	-0.00035560457	-390.5404	1.0941266	0.00036972735	334.7767434120178
39	-420.92264	67.50368	-268.45468	-615.60846	79.0	-131.57246	49.96376	10.76321	-166.29138	400000	-0.023967557	5462.033	-0.0004528379	-391.02277	1.090832	0.00039635738	343.2497396469116
40	-428.5567	71.268814	-266.07596	-706.0435	79.0	-134.15404	51.08125	74.042816	-169.26372	410000	-0.033167243	5756.829	-0.0005740812	-449.46558	1.075914	0.00047556995	351.53568840026855
41	-416.66583	55.19618	-271.29312	-559.92303	79.0	-135.27702	53.58872	13.293573	-172.35268	420000	-0.021997858	4614.044	-0.0006550886	-391.45563	1.058036	0.00017249587	359.73264932632446
42	-412.57272	62.39997	-246.9925	-651.5195	79.0	-135.2493	54.135788	6.0477734	-175.19482	430000	-0.014144817	4256.219	-0.00035130745	-331.71002	1.0554152	0.000284446	367.63976788520813
43	-400.45822	60.076324	-262.56055	-542.8441	79.0	-137.3136	55.3155	7.9260893	-177.85767	440000	-0.031922817	3765.6812	-0.0008261069	-401.0501	1.0454284	0.00028994307	378.2779426574707
44	-410.69028	66.484184	-269.39084	-627.7921	79.0	-136.68726	56.12489	21.323494	-180.2886	450000	-0.030308839	4154.7676	-0.0004543038	-438.30487	1.0309093	0.00022978897	390.26084661483765
45	-411.19183	66.94442	-267.87823	-633.54016	79.0	-139.43365	57.25626	9.183001	-182.8809	460000	-0.03142735	4006.955	-0.00046514347	-428.11664	1.0279229	0.00034812483	400.9202938079834
46	-414.57486	70.83161	-208.52469	-639.1527	79.0	-141.13824	57.35459	10.456409	-185.48257	470000	-0.033126816	4138.382	-0.00039705145	-402.4759	1.0176255	0.00020371759	411.41253113746643
47	-404.9069	54.63277	-198.83148	-539.0846	79.0	-142.66914	59.14128	7.1731634	-188.12157	480000	-0.031317227	3044.3862	-0.0005270955	-348.66278	1.020663	0.00045797293	421.99537420272827
48	-411.78217	63.586304	-277.87582	-589.05634	79.0	-142.59807	59.888	1.9465091	-190.50407	490000	-0.018943092	3463.3096	-4.397263e-05	-329.35675	0.9922988	7.376676e-05	430.87374782562256
49	-411.59787	60.57367	-267.96912	-665.58765	79.0	-144.21657	61.457947	12.5585785	-192.99927	500000	-0.026315637	3229.2283	-0.00027158577	-391.02277	0.96962875	-7.3871226e-05	439.1226165294647
50	-408.8932	60.543957	-257.12643	-596.7801	79.0	-148.31868	61.043194	6.467124	-195.47235	510000	-0.025256362	3017.477	-0.00034594524	-331.96698	0.9818362	0.0002672521	447.7739188671112
51	-407.6908	65.38647	-219.3829	-611.06287	79.0	-147.35829	62.116386	6.04543	-197.87854	520000	-0.014934604	3085.621	-0.0003136141	-361.60382	0.9727942	0.00017482231	456.150661945343
52	-410.8802	67.31282	-213.2372	-576.83	79.0	-147.04683	64.00764	3.588577	-200.25986	530000	-0.0076068556	3140.0645	-0.00015631877	-373.38123	0.94886607	-4.3626038e-05	465.0984559059143
53	-400.4327	66.21512	-207.33694	-583.19293	79.0	-149.0707	64.1575	3.573471	-202.67476	540000	-0.012173029	2698.5417	-0.00025767414	-372.3891	0.9487058	-8.4919724e-05	473.1171045303345
54	-407.29874	65.37351	-231.09286	-571.0038	79.0	-148.2028	65.69565	5.851215	-204.83817	550000	-0.02772847	2818.3984	-0.00053211884	-384.8355	0.9565473	0.00018128027	481.3664622306824
55	-409.21124	72.08678	-194.74295	-611.2974	79.0	-151.45413	66.622925	3.7064242	-207.06534	560000	-0.026083453	2963.0664	-0.0005133385	-362.20825	0.934193	0.00025256	489.3776710033417
56	-393.8376	55.0621	-259.48697	-567.51636	79.0	-151.38382	67.223976	5.4153833	-209.31116	570000	-0.017327134	2046.7522	-0.0006612721	-295.57437	0.9373391	0.00039300582	497.64789295196533
57	-397.654	66.55254	-237.13249	-559.93085	79.0	-147.3818	68.63129	8.197129	-211.20099	580000	-0.0032700896	2444.8762	-0.0004009325	-404.4248	0.91499937	0.000116640775	505.7389168739319
58	-394.7268	61.990597	-267.6422	-617.6197	79.0	-151.06238	68.92324	13.361814	-213.09425	590000	-0.012780404	2217.519	-0.0007034658	-359.00577	0.9009714	0.00028790906	513.8816223144531
59	-401.43332	69.71527	-226.02968	-623.8761	79.0	-149.50647	69.67978	2.31615	-214.91992	600000	0.004791297	2442.3425	-0.0008627331	-342.97083	0.90227205	0.00070485007	522.579710483551
60	-397.93002	65.12276	-248.65085	-609.8274	79.0	-151.22966	69.96478	7.923297	-216.89438	610000	0.00020775199	2301.792	-0.00031212159	-430.40213	0.89848447	-0.00013232909	531.2809176445007
61	-398.69437	64.24993	-259.20874	-606.57526	79.0	-153.86577	69.66715	4.2615385	-218.79062	620000	0.0043107383	2176.184	-0.00042114407	-345.9158	0.8805765	2.260047e-05	539.6524317264557
62	-405.35834	61.8273	-246.89388	-568.7967	79.0	-152.98383	70.14893	8.813473	-220.65865	630000	0.015547718	2099.376	-0.000160545	-335.38492	0.8885702	0.00013278115	547.925045967102
63	-406.07233	68.443726	-250.04681	-659.6748	79.0	-157.90489	70.531265	17.793715	-222.71704	640000	-0.019548781	2284.7612	-0.00066621596	-342.69928	0.88702023	-0.00013225747	556.1903538703918
64	-408.9842	59.510532	-248.97849	-566.8582	79.0	-158.17703	71.91684	7.0841584	-224.86186	650000	0.0016725026	1858.5022	-0.0005212161	-299.13483	0.87225014	3.5640034e-05	564.7889704704285
65	-409.31427	70.63093	-200.88614	-579.9159	79.0	-160.04608	72.171616	3.5875545	-226.94557	660000	-0.0010473763	2351.331	-0.00034452067	-344.94183	0.8576304	-8.472796e-05	573.1586713790894
66	-393.96808	64.03398	-228.03514	-553.2988	79.0	-159.90956	72.54941	9.656821	-229.0254	670000	0.012548521	1738.8232	-0.00049685413	-355.6456	0.85650265	0.00012829722	582.2431366443634
67	-400.27866	66.781425	-266.2938	-590.05286	79.0	-155.92178	72.941956	6.5233974	-230.61317	680000	0.006535895	2057.3435	-0.00040373486	-439.624	0.85370505	-0.00030691276	591.50421667099
68	-398.42487	68.26714	-221.48698	-554.88165	79.0	-161.64713	74.50622	12.037835	-232.43018	690000	0.00705396	1910.0983	-0.0003483761	-350.18875	0.851902	0.00026969955	600.1987838745117
69	-401.57925	60.67043	-282.13208	-595.2468	79.0	-160.2266	73.4665	4.509039	-234.13174	700000	0.012743572	1726.8235	-0.00023975107	-301.11987	0.8346081	0.00015640735	608.4200088977814
70	-390.90564	67.81326	-233.53998	-565.1177	79.0	-163.03413	74.799355	4.779237	-235.8175	710000	0.016844168	1827.3032	-0.00015339535	-320.30478	0.8243698	4.273991e-05	616.6346497535706
71	-399.96683	61.348965	-265.3792	-591.85645	79.0	-157.5793	75.55349	2.0261166	-237.10786	720000	0.011176296	1591.5309	-0.00049815234	-284.2602	0.82603925	0.00022349478	625.8695404529572
72	-396.2655	67.71293	-225.93906	-594.3219	79.0	-160.23093	75.25718	13.977362	-238.65143	730000	0.0032088105	1766.5664	-0.00053134793	-281.92252	0.82376033	0.00029334502	633.9784479141235
73	-386.3598	70.99515	-245.24545	-608.2683	79.0	-159.283	76.21666	6.5329123	-240.09015	740000	0.00025280938	1592.4607	-0.00024124235	-272.4293	0.8332278	1.6621969e-05	643.1514217853546
74	-402.2209	61.242664	-279.71814	-577.52435	79.0	-158.6103	75.296616	14.911112	-241.21335	750000	-0.007763684	1599.0754	-0.0003871834	-326.52893	0.8307465	3.1321946e-05	651.28937292099
75	-387.91968	56.502308	-268.88504	-628.2098	79.0	-160.51646	77.107735	11.688499	-242.73203	760000	0.0073830746	1353.9839	-0.0003453251	-310.7526	0.8411368	6.753586e-05	659.5275106430054
76	-393.35526	65.26186	-227.73036	-594.72107	79.0	-158.32755	76.79347	11.053495	-243.88992	770000	-0.0024164263	1561.7227	-0.0003476967	-282.89536	0.81996566	-0.00013711194	668.5359199047089
77	-391.09753	66.65943	-208.47897	-544.2093	79.0	-158.9442	78.18038	11.848712	-245.11424	780000	0.0067677386	1651.0894	-0.00025395	-282.51703	0.82198626	-6.0201673e-06	676.9955773353577
78	-392.75418	66.258865	-237.6447	-576.5901	79.0	-159.50764	78.23877	11.639326	-246.27196	790000	-0.008660171	1584.2234	-0.00028869603	-285.6181	0.8198235	0.000152228	685.2783143520355
79	-388.20413	67.5898	-237.64357	-576.6408	79.0	-161.29663	77.15448	6.092603	-247.56618	800000	-0.0029834202	1695.1829	-0.00041305553	-384.6889	0.814186	0.00013097032	693.3845057487488
80	-399.9765	67.62364	-263.17975	-590.62335	79.0	-160.95732	78.613594	13.682147	-248.6024	810000	-0.006461259	1816.7458	-0.0003356468	-365.2827	0.8029807	2.1674496e-06	702.5271005630493
81	-393.93338	69.54685	-263.54608	-567.2856	79.0	-163.10236	79.39402	11.785666	-250.09062	820000	-0.0041236933	1677.8904	-0.00034470437	-288.22318	0.8132207	0.00014024402	710.6214847564697
82	-391.47153	69.437386	-213.39104	-551.5474	79.0	-165.13423	77.84625	10.569051	-251.14824	830000	0.0008808896	1773.3746	-0.0004464453	-351.7616	0.80588365	0.00023660492	718.7087893486023
83	-399.53976	70.76101	-252.0616	-619.40106	79.0	-163.28734	78.64333	16.73626	-252.15497	840000	-0.004996728	1721.6124	-0.000386063	-333.32947	0.79805636	0.00033334573	727.0797076225281
84	-390.9059	70.525764	-190.92351	-571.41833	79.0	-164.95454	78.38823	1.8945673	-253.40195	850000	0.007010456	1681.3699	-0.00047378102	-256.21564	0.77909195	0.00018143078	735.1967611312866
85	-384.8066	57.817795	-221.3099	-529.34906	79.0	-163.77272	79.268906	5.1631794	-254.39886	860000	-0.00033877976	1422.3701	-0.0004645032	-328.60794	0.77815384	0.00051463366	743.3721170425415
86	-391.2627	62.04893	-248.47816	-584.02325	79.0	-159.38838	79.69528	7.492263	-255.08884	870000	-0.0091456715	1415.2228	-0.00023685675	-313.6678	0.7786632	0.00037683648	751.8833210468292
87	-396.8624	65.06673	-259.00357	-618.3625	79.0	-163.02177	79.11142	13.343345	-255.84401	880000	0.01707111	1582.3658	-0.00013551442	-290.1695	0.7526726	2.9742914e-05	760.9275512695312
88	-397.4584	64.322205	-216.07027	-621.1339	79.0	-164.58195	80.98862	21.864891	-257.14206	890000	0.0058409423	1580.7152	-0.00025719916	-324.1297	0.76316524	8.519293e-05	769.2292425632477
89	-375.51053	61.90099	-219.24535	-530.397	79.0	-164.27652	80.61701	4.2476935	-258.22308	900000	0.0070211887	1481.5625	-0.00038018194	-336.23773	0.76963544	0.00012697178	777.4357087612152
90	-375.2151	62.834427	-224.46611	-573.18823	79.0	-157.8498	80.221504	7.725911	-258.47876	910000	-0.027319036	1380.6262	-0.0004283404	-327.03845	0.7650968	0.00015716194	785.8543179035187
91	-381.5405	62.887802	-213.61331	-599.4844	79.0	-156.20547	78.94685	11.291365	-258.79062	920000	-0.016137306	1488.2521	-0.0003846595	-361.26038	0.74220514	0.00010244236	797.2200367450714
92	-386.92047	66.07499	-228.67113	-592.4491	79.0	-160.69217	79.11529	6.719163	-259.21594	930000	0.0002077287	1520.205	-0.00030968082	-361.17017	0.74405736	0.00012280313	807.4346301555634
93	-381.01074	60.728443	-252.2016	-540.22003	79.0	-163.25537	79.75626	5.610634	-259.82217	940000	-0.0041880384	1385.4717	-0.00025386922	-303.1689	0.7410208	0.00019900186	817.7751622200012
94	-394.23502	62.240795	-231.56726	-607.2102	79.0	-161.5534	78.39021	2.61943	-260.31302	950000	-0.012711933	1484.6532	-0.00029869145	-391.5598	0.76197517	-7.751437e-05	828.7878632545471
95	-385.3656	63.27664	-236.23907	-556.7064	79.0	-166.57063	80.959656	10.675425	-261.39124	960000	0.005640898	1543.7843	-0.00020487339	-442.1111	0.76063055	0.00021180675	839.0574083328247
96	-381.26462	65.097	-223.2322	-606.3653	79.0	-160.51308	80.83545	22.172115	-261.98212	970000	-0.018062068	1489.4985	-0.00039706938	-401.30438	0.74845755	0.000112613365	847.4809050559998
97	-390.72845	66.66743	-216.94081	-549.25104	79.0	-159.03986	80.54186	20.625454	-262.35452	980000	-0.012917173	1673.5881	-0.0005214447	-446.74072	0.7645597	-0.0001727088	855.9214913845062
98	-384.87823	62.5126	-231.29485	-583.6036	79.0	-164.97626	81.82445	9.415579	-263.04974	990000	-0.037037905	1341.6584	-0.0004630983	-283.91248	0.7494354	0.00022148516	864.3791353702545
99	-383.07397	61.956074	-220.11807	-617.71436	79.0	-164.52257	80.02356	11.211966	-263.416	1000000	-0.02788455	1382.45	-0.0007247168	-377.36682	0.76938426	0.00019823047	872.7305889129639
100	-374.77243	65.13098	-208.03357	-598.42834	79.0	-160.78125	80.428474	13.8799095	-263.83563	1010000	-0.025562163	1647.6577	-0.00039837416	-517.2337	0.76362836	6.804745e-05	883.2725944519043
101	-390.21793	59.68848	-256.75092	-529.4425	79.0	-159.58904	77.5637	6.0426764	-263.9499	1020000	-0.0043220967	1425.3503	-0.0005350108	-431.63342	0.7488871	0.00017394876	891.5025618076324
102	-379.077	64.22088	-224.65758	-535.20795	79.0	-162.01988	82.3949	9.060856	-264.8295	1030000	-0.023635387	1425.4395	-0.00033525936	-330.37552	0.75768167	9.244571e-05	899.9435560703278
103	-373.40512	56.427803	-237.21196	-508.72202	79.0	-160.03282	80.640366	5.3102226	-264.80673	1040000	-0.009628719	1399.8828	-0.0002530045	-441.89087	0.7400087	-0.00025209543	908.1650247573853
104	-390.9998	65.594795	-257.82764	-581.94574	79.0	-157.85602	79.818634	11.42318	-264.77347	1050000	-0.005104241	1612.8806	-0.00013264001	-474.6091	0.7535312	0.00012689515	916.3427128791809
105	-375.3012	62.62384	-231.93509	-563.86884	79.0	-164.47273	81.34767	7.3589373	-265.65594	1060000	-0.0114335865	1496.4187	-0.0006502345	-347.22992	0.7354236	0.0001634834	924.6661996841431
106	-374.25082	62.954464	-202.85559	-547.09576	79.0	-157.98347	78.9031	7.2184367	-265.6754	1070000	-0.016517853	1371.4779	-0.0005070991	-300.09448	0.7323895	7.250898e-05	932.9669644832611
107	-382.79852	62.283245	-193.30527	-553.7228	79.0	-157.64532	79.39807	4.4877214	-266.3014	1080000	-0.023273485	1403.8025	-0.00038952287	-306.4286	0.73365915	0.00028868258	941.5877747535706
108	-384.7796	66.35989	-203.4233	-589.6562	79.0	-163.22162	80.42326	8.144241	-266.77203	1090000	-0.0125405155	1453.2177	-0.00012060511	-269.61917	0.7228457	0.00010189569	949.8413655757904
109	-387.765	63.491703	-257.19696	-589.28485	79.0	-162.65326	80.65117	10.01401	-267.16006	1100000	0.0026746038	1516.3304	1.2178789e-06	-378.73413	0.71453243	-5.9851835e-05	958.0593247413635
110	-378.26114	61.599617	-203.38123	-576.875	79.0	-162.59256	80.66188	5.5768566	-268.45532	1110000	-0.014485681	1512.1088	-0.00023280364	-356.22733	0.71001196	9.085152e-05	966.29549741745
111	-386.4043	64.4496	-221.49872	-601.9356	79.0	-160.38972	79.98748	4.745997	-268.43738	1120000	-0.0063691507	1479.3701	-0.0007121465	-314.35773	0.6866877	0.00031786194	974.6143729686737
112	-368.7509	63.04719	-237.18631	-563.1582	79.0	-164.39072	80.177284	7.532517	-269.0966	1130000	-0.011740014	1379.802	-0.00031150598	-331.57425	0.7129226	-6.391413e-05	982.8137309551239
113	-373.26556	63.726532	-217.8321	-535.6132	79.0	-157.09943	78.23603	9.601057	-269.36386	1140000	0.0046522305	1357.4944	-0.00012346404	-252.04356	0.70990956	-0.00012252285	990.9406325817108
114	-373.8823	59.01216	-200.19688	-519.4545	79.0	-155.62413	79.20916	7.8162804	-269.95285	1150000	-0.012637902	1215.0946	-0.0002951282	-253.30533	0.70264685	5.8608177e-05	999.8975350856781
115	-380.72064	63.308064	-232.38374	-589.64734	79.0	-164.05693	79.29127	11.696663	-270.31128	1160000	-0.0017144801	1574.4916	-0.0005001351	-378.04425	0.69349694	0.0003787711	1008.3842296600342
116	-378.7842	60.463814	-229.25792	-565.7534	79.0	-160.4405	80.23338	27.07699	-269.7074	1170000	-0.0225189	1398.1643	-4.4205226e-05	-345.9963	0.7233757	-3.2563206e-05	1017.7919979095459
117	-382.5435	60.467014	-224.43155	-607.5369	79.0	-161.53185	79.93378	24.260632	-270.4595	1180000	-0.0314146	1363.8795	-0.00020093517	-302.7442	0.7229936	-2.0983629e-05	1027.7279891967773
118	-377.22192	59.76825	-236.14786	-517.5124	79.0	-163.70486	79.48833	17.052254	-271.03244	1190000	-0.025710057	1372.9764	-0.00023572147	-303.02716	0.7105191	-3.133422e-05	1037.6472389698029
119	-390.37424	71.108154	-260.7734	-601.7299	79.0	-160.55415	79.10825	4.643816	-271.35565	1200000	-0.009069644	1574.9419	-0.00025721733	-380.41895	0.70862687	2.1452874e-05	1047.9048247337341
120	-382.2276	57.11117	-216.67278	-553.30316	79.0	-164.58286	82.24474	8.53241	-272.59927	1210000	0.0039186403	1448.335	-0.0003493508	-369.33252	0.7154267	2.0326275e-05	1060.6074509620667
121	-380.81393	61.186485	-231.74748	-608.191	79.0	-162.41658	80.170296	12.343072	-271.64487	1220000	-0.033939835	1404.852	-0.0002828287	-302.7224	0.7075779	8.3266474e-05	1071.6878888607025
122	-376.80484	61.226395	-213.29349	-525.09094	79.0	-160.90201	79.71664	7.9097023	-272.55402	1230000	-0.011504213	1359.0269	-0.00020911451	-275.85284	0.69695514	9.216485e-05	1083.0286700725555
123	-386.47775	60.764614	-224.18546	-590.89404	79.0	-160.44034	78.34323	15.191832	-273.65164	1240000	-0.0013513416	1395.6141	-9.986665e-05	-302.4428	0.7062083	0.0001297729	1094.012484550476
124	-368.17737	64.41802	-217.19604	-523.5126	79.0	-163.37982	80.855	7.3936133	-274.32788	1250000	-0.015810655	1578.6705	-0.00023715873	-371.778	0.68918365	5.499145e-05	1104.6319308280945
125	-374.12204	59.691345	-214.4472	-556.1013	79.0	-156.0729	78.54877	7.1811647	-273.44534	1260000	-0.014762807	1282.8942	-0.00012454699	-364.2013	0.6914858	-9.272357e-06	1115.218997478485
126	-371.80463	58.37452	-247.97049	-532.4194	79.0	-157.44452	79.12711	7.168776	-275.4648	1270000	-0.020901807	1181.27	-0.00039648102	-245.24359	0.70518565	-0.00018977295	1126.7727363109589
127	-372.75412	65.93257	-234.0775	-592.7215	79.0	-157.68895	78.28927	7.6452317	-276.15448	1280000	-0.011344812	1439.287	-0.00012976816	-378.94238	0.68769395	4.5657227e-05	1137.4320805072784
128	-380.08517	58.07974	-248.41821	-562.7243	79.0	-157.40396	78.435295	12.785269	-276.59164	1290000	-0.017294206	1323.6494	-0.00020926597	-296.18915	0.6774468	2.2617258e-05	1147.0104658603668
129	-383.62418	63.841614	-246.26321	-598.28357	79.0	-162.10083	78.68262	9.10467	-273.65417	1300000	-0.0056730006	1434.288	-0.00022940617	-329.2078	0.6977619	2.9399343e-06	1155.109350681305
130	-371.35977	56.23859	-240.09583	-534.24976	79.0	-165.06097	80.132095	7.0091043	-276.58252	1310000	-0.001409201	1330.1685	-0.0001200235	-364.21436	0.68873835	-7.4912314e-05	1163.0701518058777
131	-377.6669	65.57798	-263.0068	-569.77783	79.0	-158.29945	78.93448	4.982714	-276.32925	1320000	-0.009998182	1495.1372	-0.00015450275	-366.105	0.6929839	6.0649836e-07	1170.9854595661163
132	-371.07565	58.778164	-242.08241	-578.7705	79.0	-159.9547	78.67711	12.464813	-277.19797	1330000	-0.00982256	1291.4346	-0.00039776543	-276.62225	0.6842959	4.5589404e-06	1179.2668929100037
133	-379.0018	70.031334	-160.88441	-592.55023	79.0	-156.13133	79.41846	13.951675	-275.918	1340000	-0.005743658	1716.4648	-0.00024952367	-388.5438	0.688352	-5.3025233e-06	1187.9299285411835
134	-371.18182	68.997574	-214.06984	-586.4642	79.0	-159.25874	80.89573	8.9453945	-278.72467	1350000	-0.017836588	1580.7146	-0.00012526754	-324.94354	0.68252254	-3.02781e-05	1196.152851819992
135	-384.44617	63.90186	-244.39622	-572.8615	79.0	-157.44608	78.73256	15.805578	-277.4099	1360000	-0.01657033	1481.6012	-0.00031393697	-364.49316	0.70655096	0.00013443932	1204.166836977005
136	-373.26678	58.901253	-229.90942	-509.34888	79.0	-163.40384	79.75145	3.1309562	-278.67044	1370000	-0.012491674	1454.022	-0.00021804217	-425.27402	0.6694144	-0.00013044485	1212.951243877411
137	-374.5502	60.241577	-237.17677	-520.6016	79.0	-159.11902	79.35115	6.973679	-278.6442	1380000	-0.0133639155	1355.3313	-0.0005088188	-351.1931	0.6763219	8.765828e-05	1220.9244484901428
138	-383.4719	74.1812	-232.3238	-594.25653	79.0	-159.39673	79.79399	6.951739	-279.5417	1390000	-0.01909239	1800.652	-0.00066826097	-546.7158	0.6902254	0.00044563538	1228.8685331344604
139	-372.95538	65.132126	-204.70929	-550.57825	79.0	-160.0415	79.902695	17.393047	-281.85043	1400000	-0.014462624	1438.0154	-9.188522e-05	-361.5133	0.6781111	0.00010897326	1236.767035484314
140	-375.15286	63.353233	-230.53177	-614.1082	79.0	-161.76733	79.21607	11.907486	-281.10715	1410000	-0.020978231	1646.6458	-0.00016282639	-451.78918	0.68713534	0.00018275226	1245.5086643695831
141	-377.339	59.69543	-251.9944	-595.30615	79.0	-160.39592	77.98248	11.831874	-278.95093	1420000	-0.014009763	1386.9269	-2.6751077e-05	-280.10883	0.69301933	3.4879682e-05	1253.6794247627258
142	-374.9574	68.24447	-227.86063	-541.6122	79.0	-159.96552	80.464226	9.146757	-278.36594	1430000	-0.008084573	1635.6844	-0.00019492931	-400.08255	0.6875135	0.00010658508	1261.8953948020935
143	-379.00555	63.952393	-259.09515	-609.7575	79.0	-158.2065	78.00518	10.419998	-280.8048	1440000	0.011314763	1793.679	-0.00017563906	-536.36	0.6869116	6.8607274e-05	1270.2453587055206
144	-376.36215	64.18955	-225.65373	-536.5137	79.0	-162.5554	78.30401	10.404715	-279.9589	1450000	-0.003980267	1449.7373	-8.2243234e-05	-392.27475	0.6841594	-6.0324513e-05	1278.4483470916748
145	-375.81992	61.397938	-246.19608	-548.3064	79.0	-159.04713	79.45207	12.463587	-282.45987	1460000	-0.01577903	1377.7656	-0.00029858563	-318.02252	0.6683446	5.6723064e-05	1286.65802693367
146	-359.36536	59.98662	-202.44371	-488.00854	79.0	-158.72348	80.2989	10.618133	-280.09854	1470000	-0.024242977	1453.9863	-0.00026479363	-395.55807	0.6858618	0.0001812226	1294.8127510547638
147	-371.55637	69.353935	-208.736	-598.5924	79.0	-155.00694	76.27207	4.314167	-273.09476	1480000	0.010843212	1581.7329	-0.00010660896	-325.34305	0.6702394	-0.00011572482	1303.363920211792
148	-374.34412	65.46271	-242.58638	-658.4612	79.0	-157.96022	78.33485	6.3315134	-275.38266	1490000	-0.014969029	1482.6011	-0.00040720217	-401.6905	0.6807709	0.00019494299	1311.5447793006897
149	-365.2728	73.80081	-193.00989	-637.4743	79.0	-157.37877	81.12224	11.230276	-278.8675	1500000	-0.024942253	1974.0244	-0.00061180675	-497.62836	0.6797116	0.00019436318	1319.5860793590546
150	-372.24353	65.17649	-203.20615	-590.17285	79.0	-155.80002	76.44464	9.209314	-275.53366	1510000	-0.0007605646	1426.5114	-6.258127e-05	-338.8657	0.6845096	1.34235415e-05	1327.8648991584778
151	-372.86105	66.57009	-217.97527	-604.2236	79.0	-157.788	79.59752	13.747464	-280.55457	1520000	-0.009306904	1488.6808	-0.00014621764	-382.08087	0.6626689	2.4807468e-07	1336.0103123188019
152	-386.32965	70.008224	-183.41176	-637.4173	79.0	-157.81375	79.47201	7.906226	-281.45453	1530000	-0.019262519	1776.7357	-0.0002569873	-457.51108	0.65821266	-5.031987e-05	1344.4073708057404
153	-371.23557	60.33316	-237.04425	-626.45557	79.0	-163.56238	80.0722	9.684013	-282.24298	1540000	-0.027858559	1452.2073	-0.00028010877	-336.09	0.67379665	0.00019166207	1352.5309252738953
154	-362.40314	54.9299	-217.51857	-488.67123	79.0	-157.78986	77.44033	12.028431	-281.72516	1550000	-0.019101717	1254.5239	-0.00019463734	-322.86008	0.68181527	3.5079327e-05	1361.3169271945953
155	-377.4656	64.36117	-212.21306	-562.99384	79.0	-153.73972	76.573906	7.926762	-279.10873	1560000	0.0055759493	1517.3967	-0.00019731652	-329.82117	0.66567636	7.441459e-05	1369.5650482177734
156	-365.98355	59.031334	-254.0626	-518.0102	79.0	-159.93442	78.734436	8.816755	-283.55923	1570000	-0.030009251	1273.4463	-0.00043288805	-282.12024	0.66608447	0.0001674942	1377.7101950645447
157	-373.96432	69.552025	-249.15154	-696.98816	79.0	-155.00795	76.63923	16.216131	-275.00757	1580000	-0.020051539	1450.4296	-0.00016055442	-388.31738	0.6669147	0.00013258102	1385.8960869312286
158	-366.23404	63.423473	-189.55763	-567.87585	79.0	-161.6813	81.04336	7.1832256	-286.7776	1590000	-0.009542051	1663.3159	-0.000103812665	-532.00256	0.6800869	8.447644e-05	1394.0011715888977
159	-370.53717	57.476265	-229.34952	-565.71533	79.0	-154.1675	76.72378	11.901749	-285.27307	1600000	-0.023104787	1241.6335	-0.00012846151	-308.284	0.6850801	-7.2939045e-05	1402.2497775554657
160	-369.06287	55.338936	-207.08438	-554.0112	79.0	-158.6824	78.30984	10.368411	-280.8482	1610000	-0.00915523	1205.241	-0.00019968767	-290.487	0.6782104	-3.075399e-05	1411.1005022525787
161	-367.48367	67.41846	-197.69632	-593.9008	79.0	-155.01163	78.026375	11.6916065	-285.58176	1620000	-0.018537197	1491.3378	-0.0002692649	-387.47095	0.67029727	-2.417947e-05	1419.3537600040436
162	-376.6785	60.108986	-250.54572	-633.7017	79.0	-154.68977	77.519485	14.301227	-286.65625	1630000	-0.023017028	1302.7905	-0.00033265818	-325.88715	0.6674781	0.00021803114	1428.0044453144073
163	-377.0665	63.487003	-197.40987	-534.84845	79.0	-157.96066	78.60934	11.429395	-292.84085	1640000	-0.03218794	1310.1576	-0.00028752722	-259.15994	0.6738534	0.00037901994	1436.1512339115143
164	-372.05872	56.62118	-242.06558	-555.3105	79.0	-161.68555	80.68643	15.034239	-295.1466	1650000	-0.008308158	1199.7767	-0.00024727895	-279.13336	0.68328065	0.0004237644	1444.3332345485687
165	-366.1472	62.352486	-215.49669	-552.8144	79.0	-157.38112	80.69624	13.530794	-281.5889	1660000	-0.0036940896	1307.1587	-9.118952e-05	-281.6704	0.65557754	-9.928102e-05	1452.7085130214691
166	-362.11386	62.455833	-186.15022	-505.39517	79.0	-155.61554	77.944885	16.516373	-287.32687	1670000	-0.020695569	1528.1624	-0.00018702599	-364.81937	0.6598853	8.584828e-06	1460.9923400878906
167	-361.4889	59.321686	-203.08948	-478.77383	79.0	-151.36192	76.1707	12.929338	-281.66885	1680000	-0.019353304	1221.214	-0.00027803378	-250.03387	0.6574428	3.8528968e-05	1469.142805814743
168	-368.7599	61.503147	-215.59721	-558.9618	79.0	-153.2918	76.31926	17.260073	-280.24936	1690000	-0.025553022	1316.3694	-0.00017207488	-282.33713	0.6521249	-2.6855578e-06	1478.0613043308258
169	-363.4904	65.80808	-223.99492	-533.8561	79.0	-157.32925	79.46124	12.884699	-292.10742	1700000	-0.028773986	1412.4666	-0.0001979915	-367.80658	0.65427864	3.5756166e-05	1488.4892556667328
170	-371.26093	64.42325	-232.60754	-582.3969	79.0	-152.50667	78.85454	11.104839	-302.02423	1710000	-0.001817638	1480.8749	-0.0004031799	-368.29224	0.6557767	0.00017542663	1499.0156843662262
171	-363.80634	56.782135	-220.28938	-534.8594	79.0	-156.67818	78.79702	12.079807	-302.93378	1720000	-0.018154677	1361.4233	-0.00017208606	-375.4657	0.6505456	3.7077258e-05	1507.516101360321
172	-373.4639	66.238785	-206.62738	-633.8557	79.0	-154.85788	75.20949	15.72896	-279.3819	1730000	0.012825713	1523.5164	-0.0001838007	-369.6502	0.65516376	0.0002442686	1515.863448858261
173	-375.52155	58.98421	-218.02486	-568.2544	79.0	-158.55463	80.17194	7.944693	-297.99216	1740000	-0.021201205	1356.8789	-0.0002263179	-287.2983	0.6528142	0.00018585451	1523.9746668338776
174	-367.50534	57.709637	-246.16803	-529.83997	79.0	-161.13687	78.83656	8.97381	-285.82214	1750000	-0.020413846	1301.7888	-0.00010196399	-255.92778	0.653957	5.8765076e-05	1533.8627398014069
175	-363.06186	65.18968	-213.9125	-578.54486	79.0	-156.15988	78.053925	6.825376	-280.57193	1760000	-0.03170736	1484.1694	-0.00021988712	-283.5241	0.6584768	-2.500707e-05	1542.9742636680603
176	-360.3239	58.01714	-177.05647	-591.502	79.0	-152.91922	77.4119	5.544249	-287.1296	1770000	-0.02706271	1338.1959	-0.0001841179	-315.41635	0.65937984	-2.3722903e-05	1551.749018907547
177	-357.60736	62.429047	-177.75438	-515.2475	79.0	-152.5661	77.5056	7.6348357	-273.8873	1780000	-0.012354201	1491.0469	-0.00022221915	-380.81854	0.6687744	7.358077e-05	1560.324018239975
178	-374.92224	63.870613	-247.09239	-551.7833	79.0	-149.96928	75.86414	15.695433	-284.37042	1790000	-0.0013083052	1808.811	-0.00011456665	-625.25146	0.66192377	-3.378879e-05	1568.4886164665222
179	-358.05038	64.49904	-195.9311	-551.58203	79.0	-159.4513	80.11921	10.887398	-295.11215	1800000	-0.016871328	1546.9542	-0.00017314087	-377.7738	0.64712334	-1.1981701e-06	1576.7383725643158
180	-361.98373	63.081097	-204.65102	-534.3448	79.0	-153.7954	75.404106	6.9783654	-281.403	1810000	-0.0149010755	1568.0936	-0.00014805607	-342.29324	0.6595917	1.5571048e-05	1585.5732145309448
181	-366.1497	70.5418	-224.84547	-630.22644	79.0	-154.39682	74.033646	9.830774	-280.52454	1820000	-0.009620928	1586.522	-0.0002560825	-375.7729	0.647159	5.101854e-06	1593.791621208191
182	-367.28943	64.277855	-226.29778	-586.8214	79.0	-155.74515	75.88922	11.797443	-285.99716	1830000	-0.016829722	1405.7439	-0.00014999043	-298.26526	0.6530116	5.803135e-05	1602.468781709671
183	-361.7483	58.86257	-224.8215	-588.603	79.0	-156.90125	76.83279	13.008842	-282.41522	1840000	-0.014872666	1397.7802	-0.0002625906	-330.40225	0.6386174	-3.852581e-05	1610.7688081264496
184	-362.88922	62.29111	-200.01491	-542.46857	79.0	-154.36557	76.02727	11.297972	-273.69986	1850000	-0.004507877	1451.0454	-0.00017170573	-334.8016	0.6454189	-1.8143972e-05	1618.8909068107605
185	-357.96472	70.89225	-200.13791	-593.07935	79.0	-151.66919	76.702675	13.869706	-272.37747	1860000	-0.03134754	1679.0745	-0.00024211174	-360.54816	0.65409124	0.00014110724	1627.0552604198456
186	-358.3191	65.11883	-218.65892	-628.9875	79.0	-152.7562	77.32956	10.714697	-277.6209	1870000	-0.016946595	1351.3738	-0.00026242435	-331.98788	0.6505325	8.745694e-05	1635.3659400939941
187	-363.2546	65.1751	-204.05374	-619.0974	79.0	-152.059	78.36215	15.513374	-282.76874	1880000	-0.020051032	1594.7107	-0.00024347939	-442.40906	0.65221983	0.00012484321	1643.741869688034
188	-357.10056	67.23549	-225.18042	-587.0417	79.0	-154.10378	77.76807	8.6556835	-283.12735	1890000	-0.012965194	1615.5675	-0.00014199919	-356.81143	0.63497686	0.00010089361	1651.7780644893646
189	-373.93216	65.058266	-242.98099	-594.8104	79.0	-152.756	75.53609	24.450842	-277.82318	1900000	-0.00894565	1491.668	-0.000231107	-462.29205	0.6434204	7.338369e-05	1660.3727910518646
190	-363.72214	65.59883	-238.2563	-570.22687	79.0	-158.64964	79.816925	9.1770735	-287.7761	1910000	-0.009639949	1546.204	-0.00017733552	-353.92987	0.6528057	0.00017435405	1668.7814457416534
191	-364.3968	63.16271	-229.0149	-550.1218	79.0	-154.10068	76.324196	15.064922	-283.6979	1920000	-0.02267786	1344.3279	-0.00023288676	-307.24106	0.63774353	2.213267e-05	1676.9693660736084
192	-369.86514	66.40048	-188.6852	-561.7202	79.0	-156.44748	78.31602	21.197058	-291.2417	1930000	-0.019242348	1534.9727	-0.0003056907	-388.73834	0.6312077	4.0711955e-05	1685.1203825473785
193	-361.05057	59.343933	-189.92133	-511.23	79.0	-156.49258	78.604576	11.342524	-291.64905	1940000	-0.014684548	1484.8936	-0.00063617155	-386.00085	0.62065756	0.0003877628	1693.4055111408234
194	-358.74496	63.844673	-212.75899	-518.3091	79.0	-153.0124	76.34129	10.887575	-283.54474	1950000	-0.016067252	1495.4304	-0.00015124725	-296.4086	0.62851226	0.00016508705	1701.967140674591
195	-364.25644	58.98668	-206.7882	-539.06165	79.0	-153.6866	76.21987	10.651041	-286.6319	1960000	-0.007641203	1345.1608	-0.00027504307	-271.95398	0.62341714	0.00034229973	1711.4966158866882
196	-361.75217	58.532486	-166.02847	-537.9574	79.0	-153.83736	77.13354	18.659191	-289.49683	1970000	-0.005005432	1265.9092	-9.049731e-05	-252.79456	0.62361073	0.00026183893	1720.0066673755646
197	-357.21716	67.40625	-169.05905	-534.8616	79.0	-154.38416	76.57074	7.137344	-266.97726	1980000	-0.0057745688	1524.9298	-0.00023889291	-369.1204	0.6139341	-0.00010851551	1728.878270149231
198	-370.6497	65.05671	-186.03995	-542.06714	79.0	-152.19797	77.465126	7.10444	-294.31097	1990000	-0.016191112	1734.2029	-0.00040040398	-392.07645	0.6148759	0.00010093839	1737.1472022533417
199	-356.17502	60.944283	-156.58556	-510.56342	79.0	-157.98418	78.45256	22.428734	-285.31436	2000000	-0.0027992278	1573.7301	-0.0001050618	-449.07465	0.6136258	-1.5522823e-05	1745.7132368087769
200	-366.384	61.763077	-227.18802	-500.0273	79.0	-149.56783	75.51961	10.116047	-270.74152	2010000	-0.0010060742	1428.6595	-0.00037161	-324.20505	0.60897756	0.00016829345	1754.4628548622131
201	-366.0513	65.85128	-179.83069	-592.9711	79.0	-158.02083	78.28899	9.450087	-283.32486	2020000	-0.010909662	1421.0669	-0.00030605984	-312.3401	0.6117049	0.00010714465	1763.08243227005
202	-368.58386	62.097374	-221.785	-569.7477	79.0	-154.78137	77.41047	5.7478747	-280.3966	2030000	-0.007870614	1193.582	-0.00039785728	-273.00824	0.63929546	0.00021099878	1771.2299530506134
203	-365.6505	58.247097	-211.80405	-517.62396	79.0	-155.53055	77.88908	14.817585	-287.6622	2040000	-0.024007952	1175.1044	-0.00046682963	-277.83865	0.6118126	0.00056163035	1780.0494031906128
204	-367.75024	61.358055	-225.57887	-534.0107	79.0	-154.7246	78.2769	18.251408	-279.84555	2050000	-0.0016594427	1456.2897	-0.000101027545	-368.03836	0.6384198	3.468914e-05	1788.568565607071
205	-361.7409	65.10955	-115.311844	-529.41516	79.0	-156.0568	79.26	9.178516	-287.65442	2060000	-0.014214045	1518.404	-0.00028749084	-337.98615	0.62825537	-3.420384e-06	1797.0064957141876
206	-353.9317	64.20538	-182.42108	-540.9564	79.0	-153.8589	75.58144	8.976402	-276.5526	2070000	-0.020471144	1369.9469	-6.9077825e-05	-334.22882	0.6415248	-1.5174555e-05	1805.3822338581085
207	-356.79916	60.382618	-208.01566	-513.6154	79.0	-154.41835	75.490524	5.1236215	-273.0327	2080000	-0.011063606	1421.9388	-0.00019588933	-295.8342	0.632866	1.4494435e-05	1813.6239323616028
208	-356.43854	66.764725	-206.51286	-589.514	79.0	-151.34569	75.844536	13.3679905	-275.8414	2090000	0.0011661202	1484.6699	-0.00047730253	-286.65472	0.63250375	6.184973e-05	1821.9941051006317
209	-363.2941	58.61798	-230.41907	-538.97375	79.0	-149.96906	76.67662	10.204889	-272.9968	2100000	-0.0043443516	1177.3884	-0.0006041904	-232.11966	0.64855677	0.00039668864	1830.2039246559143
210	-359.36783	63.47039	-203.89714	-561.0247	79.0	-153.6721	77.407814	8.586594	-277.75797	2110000	-0.013650385	1427.7073	-0.00017245	-382.50305	0.64731705	0.00026710183	1838.3837718963623
211	-354.4694	54.24669	-219.19041	-526.73724	79.0	-153.49098	78.31552	6.4708114	-285.3342	2120000	-0.019888721	1269.5728	-9.282702e-05	-334.7998	0.6494312	7.937416e-05	1846.9968132972717
212	-358.75467	66.861	-191.10143	-569.8822	79.0	-150.06955	75.16509	8.344946	-269.3024	2130000	-0.015447848	1466.5925	-0.0002413686	-289.04675	0.6524482	1.3424331e-05	1855.3010942935944
213	-368.98227	56.957146	-238.90872	-562.874	79.0	-151.02206	74.99644	4.1710877	-287.2313	2140000	-0.020023677	1378.6792	-0.0005204225	-396.25836	0.6619968	0.00013486462	1863.6055436134338
214	-358.461	67.96609	-214.38426	-578.1826	79.0	-158.02783	75.95349	1.9462457	-273.25867	2150000	-0.02711667	1477.724	-0.00043690018	-267.87344	0.6732842	-3.787034e-06	1871.8340821266174
215	-361.59708	65.93628	-193.8702	-608.43256	79.0	-153.08853	76.61057	6.8808823	-273.7544	2160000	-0.021615945	1363.3699	-0.0002961484	-312.3808	0.6469027	9.145715e-05	1880.0182991027832
216	-357.60583	63.460438	-206.2293	-580.4969	79.0	-154.57028	77.16269	2.290627	-286.42227	2170000	-0.021299291	1519.0156	-0.00020951149	-346.67694	0.66442835	0.00025347312	1888.2591326236725
217	-357.73785	57.714928	-189.52026	-497.73932	79.0	-151.11281	75.21664	8.849483	-283.48108	2180000	-0.010414476	1316.8008	-0.00023045274	-288.27686	0.6531019	0.00018783791	1896.4693439006805
218	-352.59354	63.745354	-204.9767	-524.68225	79.0	-150.83875	77.06387	0.3455863	-279.61606	2190000	-0.012106918	1480.4692	-0.00048191985	-279.7974	0.64426965	5.0383314e-05	1905.2107348442078
219	-362.36884	66.30508	-183.75224	-572.41956	79.0	-149.8625	72.95049	7.5213404	-269.21988	2200000	-0.025292616	1613.3247	-0.0001050327	-402.05487	0.63914615	0.00016849181	1913.312418460846
220	-362.62482	64.4543	-191.50975	-560.8026	79.0	-155.44774	77.26838	5.23798	-295.62146	2210000	-0.034085408	1364.6909	-0.00018412154	-246.16473	0.63669926	-2.310863e-05	1922.1059908866882
221	-350.3859	63.210625	-202.61285	-559.9625	79.0	-156.27899	78.45616	6.885927	-298.71982	2220000	-0.011590004	1566.5654	4.8280053e-06	-382.5293	0.6325047	-0.00017628347	1930.2844278812408
222	-372.5754	67.00996	-198.61397	-549.9054	79.0	-151.26	73.7494	15.480539	-288.47406	2230000	-0.008352954	1528.6885	-0.00018172036	-411.9126	0.64142025	9.720144e-05	1938.4856615066528
223	-354.01917	64.991325	-157.24197	-514.8654	79.0	-158.11588	80.18056	17.823296	-302.12723	2240000	-0.014999712	1701.4579	-0.0001532298	-540.37854	0.6358588	-7.668637e-06	1946.617416858673
224	-358.01215	59.875187	-240.2347	-574.5363	79.0	-149.84668	74.63188	13.623215	-275.72534	2250000	-0.009243814	1557.892	-0.00016682595	-434.77527	0.6280222	5.5985474e-06	1954.9320950508118
225	-352.70224	59.23218	-198.36343	-503.35782	79.0	-153.3396	77.22522	8.7389765	-297.80936	2260000	-0.009876325	1395.1656	-0.00021471048	-398.70483	0.63634187	5.3374497e-05	1963.5147626399994
226	-354.69064	61.45694	-215.3442	-503.24307	79.0	-148.97377	75.43229	9.408365	-272.32028	2270000	-0.015487416	1527.8035	-0.00045445608	-322.85266	0.63058245	7.57239e-05	1971.7431638240814
227	-358.677	62.927513	-211.08344	-563.1762	79.0	-150.97836	74.994484	8.388098	-272.92477	2280000	-0.012207294	1442.095	-0.00034593558	-288.86255	0.62217444	0.00018405577	1979.9420747756958
228	-358.78958	60.328053	-221.6151	-593.26874	79.0	-154.81253	77.03526	5.2195306	-297.478	2290000	-0.026888294	1433.2136	-0.0003097793	-261.7135	0.6367111	0.00015410017	1988.0479674339294
229	-345.81955	67.20648	-206.60686	-594.9487	79.0	-154.79237	75.79287	7.8276963	-284.22498	2300000	-0.02258984	1617.4303	-0.00020724726	-346.56497	0.63447785	-7.0158276e-05	1996.2415871620178
230	-365.16638	72.700294	-235.8315	-609.86835	79.0	-147.95212	72.69295	8.468161	-264.8211	2310000	-0.017626708	1762.3093	-0.00017707876	-501.15756	0.62725365	7.2576586e-05	2004.386957168579
231	-352.5473	69.6692	-192.8735	-589.63574	79.0	-155.75404	78.2123	6.1228228	-284.99237	2320000	-0.022572357	1740.7784	-0.00030846533	-454.01117	0.64012647	5.8318197e-05	2012.5733489990234
232	-355.23337	56.6647	-222.17244	-513.87836	79.0	-148.64183	75.589325	11.513065	-287.1685	2330000	-0.029472478	1297.769	-0.00045243232	-324.86157	0.642647	9.927659e-05	2021.0832023620605
233	-366.30008	60.919525	-228.48923	-564.88416	79.0	-151.31618	72.82813	4.4299793	-290.79346	2340000	-0.0129815135	1471.9652	-0.00060270773	-359.72308	0.6484191	0.00071657915	2029.623542547226
234	-360.87476	59.560318	-217.14256	-559.17114	79.0	-156.51125	76.8816	6.2011957	-278.40576	2350000	-0.017234836	1218.1355	-0.0005604224	-196.20543	0.6294249	0.0004633756	2037.7550320625305
235	-359.90494	62.331043	-210.52621	-545.2803	79.0	-154.79166	77.09257	8.060698	-280.1547	2360000	-0.025188578	1318.476	4.4495217e-05	-289.43488	0.6192679	0.00032841784	2046.065021276474
236	-354.882	60.021515	-234.52043	-567.9023	79.0	-151.51994	76.72003	8.124584	-291.9564	2370000	-0.02695054	1220.6958	-0.0004207939	-212.3723	0.6260495	3.479883e-05	2054.1810212135315
237	-352.47034	60.750195	-204.43001	-526.5951	79.0	-150.40518	76.193245	11.224913	-289.57303	2380000	-0.021211665	1351.1238	-0.00020727912	-267.20102	0.6135409	5.184662e-05	2062.41238117218
238	-353.04803	55.275883	-183.8194	-520.466	79.0	-149.87123	74.124016	8.025	-262.03336	2390000	-0.021350088	1182.7504	-0.00041215168	-216.17891	0.61590004	-6.510274e-05	2070.633662223816
239	-360.3253	59.883453	-218.39336	-512.43005	79.0	-150.082	74.26468	8.3326	-256.26685	2400000	-0.015814774	1303.7054	-0.0003314293	-291.16083	0.6230928	-0.00011377167	2079.7734270095825
240	-365.42905	66.78582	-215.75185	-588.26215	79.0	-154.96304	75.57659	20.779139	-265.68967	2410000	-0.021035686	1364.8809	-0.00021443446	-245.99698	0.61772263	4.483897e-05	2090.8731546401978
241	-356.88214	57.930832	-203.33945	-592.12103	79.0	-155.447	77.01265	6.6726556	-301.25165	2420000	-0.02674884	1248.1067	-0.00018198823	-289.6845	0.61195725	-9.297684e-06	2099.223234653473
242	-362.13196	66.63217	-201.96085	-601.64795	79.0	-153.88907	76.44388	6.302334	-286.4073	2430000	-0.028605621	1423.0929	-0.00029697362	-267.40445	0.62449306	-0.00010100983	2107.4538967609406
243	-356.71387	60.113434	-221.96912	-520.0073	79.0	-152.47293	76.4949	17.093143	-293.87234	2440000	-0.018348679	1179.9532	-0.00054481253	-218.8488	0.6148391	0.00038061268	2115.96808052063
244	-361.64377	61.881374	-193.93794	-597.15314	79.0	-151.56932	74.42787	5.955893	-285.72937	2450000	-0.013948963	1220.1888	1.2261327e-05	-224.56204	0.5949141	-2.2728309e-05	2124.1694691181183
245	-355.71194	64.432884	-212.9591	-546.50476	79.0	-152.7166	77.1379	7.3999553	-300.38574	2460000	-0.023687314	1447.8529	-0.00015595171	-324.04663	0.60305446	1.1492986e-05	2132.404275894165
246	-356.9628	51.78789	-244.41762	-490.13568	79.0	-152.7527	77.77248	8.96755	-311.16602	2470000	-0.0020562727	1108.8469	-0.0003574707	-278.48846	0.6127459	8.6806074e-05	2140.929139852524
247	-357.21024	64.314705	-235.23938	-609.84955	79.0	-152.16756	75.04404	12.776229	-278.653	2480000	-0.017944135	1408.9747	-0.00025268132	-339.13602	0.5946113	1.9367253e-05	2149.214450120926
248	-345.98947	58.943645	-218.0236	-526.10425	79.0	-153.5093	77.615234	11.219936	-303.20148	2490000	-0.011585949	1424.0425	-0.00020622578	-422.5985	0.6040181	-3.6636284e-05	2157.331260919571
249	-359.56393	59.239857	-229.27502	-532.5673	79.0	-148.06383	75.24685	12.252794	-277.77225	2500000	-0.006763324	1370.0618	-0.00021994486	-275.7436	0.6106036	3.7794707e-05	2165.6925621032715
250	-364.09735	66.51982	-192.08078	-569.3408	79.0	-153.77	75.44832	10.927046	-270.7813	2510000	-0.014923336	1539.4418	-0.00027363456	-321.2037	0.61447996	-2.8998444e-05	2173.9183337688446
251	-353.17618	59.955128	-205.43721	-577.93225	79.0	-155.80936	76.920296	14.139859	-292.4278	2520000	-0.0125913955	1300.3203	-0.00037467224	-296.5544	0.60945344	0.000120302895	2182.230312347412
252	-351.07065	60.83571	-199.00441	-513.8271	79.0	-147.65274	76.43104	70.383766	-292.76987	2530000	-0.028352018	1335.2571	-0.00033829262	-341.3852	0.6000534	0.00012776021	2190.315819978714
253	-354.95755	62.57719	-188.01259	-505.29797	79.0	-152.69936	76.22112	13.135717	-309.05542	2540000	-0.015792925	1298.4315	-0.00018300326	-273.3152	0.60707986	-6.1634884e-05	2198.4026556015015
254	-350.66235	65.064735	-211.57562	-559.4987	79.0	-150.31284	75.258804	14.716673	-277.7487	2550000	-0.007986721	1387.3835	-0.00037576212	-285.97275	0.5964234	0.0003740453	2206.9734065532684
255	-344.59198	64.127014	-181.12431	-519.8829	79.0	-146.83527	73.580315	12.18912	-281.51038	2560000	-0.030292612	1483.0464	-0.00015227683	-355.60144	0.6004648	4.649307e-05	2215.29896736145
256	-356.603	61.067078	-233.32797	-596.2783	79.0	-149.66838	74.307594	18.948368	-273.46942	2570000	-0.0154719725	1327.0537	-0.0003214823	-276.79443	0.60934037	0.00021603434	2223.3176448345184
257	-352.8049	64.99619	-160.29314	-547.7696	79.0	-151.52536	73.58961	32.487038	-280.83664	2580000	-0.00970054	1478.0818	-0.00022951001	-310.1072	0.6176137	0.0001839879	2231.43999004364
258	-359.50955	68.560875	-214.69398	-592.1505	79.0	-150.83792	76.61307	24.250298	-292.42276	2590000	-0.022831585	1533.212	-0.0002287929	-384.00378	0.6248965	-5.9884267e-05	2239.6543288230896
259	-357.63193	60.30125	-219.66887	-526.0977	79.0	-150.65657	75.55609	11.067396	-299.42026	2600000	-0.026108807	1280.1606	-0.0007073089	-276.44684	0.623754	0.00074558164	2247.864642381668
260	-344.0729	62.668182	-195.77933	-568.284	79.0	-154.80215	74.959015	9.64643	-282.78262	2610000	-0.008974388	1389.3278	-4.6274858e-05	-331.02124	0.61856174	-6.598219e-05	2256.590714454651
261	-345.60718	57.987705	-228.73904	-529.3042	79.0	-146.82173	74.23327	22.01991	-275.23605	2620000	-0.018293144	1225.2878	-0.00048951746	-246.84024	0.6240082	0.00016634315	2265.5484232902527
262	-351.42044	59.092968	-225.44777	-512.9237	79.0	-148.00584	72.621605	17.432014	-266.16205	2630000	-0.015307225	1399.2085	-0.0003623278	-263.3529	0.618488	-9.7856835e-05	2273.6303594112396
263	-361.0394	64.486275	-207.56992	-588.3311	79.0	-150.8394	74.75203	12.670934	-278.86395	2640000	-0.021628788	1525.4585	-0.00023854803	-303.72925	0.6299106	4.820319e-05	2281.695384979248
264	-350.47305	57.542286	-182.21988	-470.3512	79.0	-154.01639	77.272606	9.569268	-274.51813	2650000	-0.0034141429	1221.7474	-0.00027138702	-265.45203	0.6276221	0.00018892722	2289.838344812393
265	-349.98563	55.90472	-235.35637	-490.9135	79.0	-150.40659	74.21628	9.293959	-264.7222	2660000	-0.020864647	1204.1718	-0.00027384236	-257.94604	0.63050205	0.00016125618	2297.979199886322
266	-352.2658	57.722748	-200.28024	-551.23267	79.0	-150.95973	74.484924	8.19894	-274.5973	2670000	-0.021105563	1276.297	-0.00024260744	-276.8581	0.6302267	0.00018666859	2306.3884341716766
267	-355.4742	64.56819	-209.29419	-596.3455	79.0	-149.9311	74.61321	7.590102	-287.64203	2680000	-0.0038166996	1507.1626	-0.0001603947	-423.11386	0.6234782	8.0685015e-05	2314.71177649498
268	-351.82285	53.518776	-231.32181	-519.3057	79.0	-152.83105	76.70321	8.732616	-290.8471	2690000	-0.033028893	1203.8477	-0.00020291959	-345.93375	0.6311367	0.0001545292	2323.322269678116
269	-357.46774	70.544235	-199.14769	-608.67303	79.0	-152.47522	73.94376	9.954554	-291.94974	2700000	-0.021894297	1540.1597	-0.00023983885	-305.76126	0.6207142	-1.3980934e-05	2331.486249923706
270	-355.58325	65.872795	-177.55603	-574.5781	79.0	-152.82114	75.8593	12.46781	-306.55957	2710000	-0.024031382	1331.5701	-0.00039685005	-316.78467	0.6224016	9.639738e-06	2339.575573682785
271	-353.4452	67.25464	-190.75275	-517.2472	79.0	-152.51973	76.187	7.7397738	-308.38474	2720000	-0.0205597	1542.4443	-0.00031080982	-352.99323	0.60877025	0.00016647174	2347.6620230674744
272	-337.92188	59.13825	-197.66591	-534.8877	79.0	-152.97983	78.92278	4.3333063	-325.4962	2730000	-0.020776624	1476.0841	-0.00040012877	-443.4686	0.61211675	0.00019662027	2355.7113361358643
273	-360.88263	65.95958	-216.99103	-564.44434	79.0	-143.55774	71.629745	4.757759	-278.1028	2740000	-0.021170452	1852.4688	-0.00027382094	-622.7852	0.6136624	0.00033070974	2363.810567378998
274	-350.90558	72.323715	-215.20227	-531.13043	79.0	-151.95331	75.927315	21.92333	-291.7027	2750000	-0.01719173	1607.86	-0.00016264245	-290.48926	0.6010289	-9.464979e-05	2372.020056247711
275	-348.11102	64.44145	-199.72845	-618.4054	79.0	-149.89513	74.768036	15.941754	-280.39487	2760000	-0.029414715	1240.9716	-0.00011070655	-262.78403	0.599821	-7.6464385e-06	2380.9928257465363
276	-347.61694	68.05159	-229.74818	-568.33453	79.0	-148.26868	75.71826	10.815706	-293.72897	2770000	-0.02299552	1355.3217	-0.00022028212	-252.92899	0.6029124	5.9392056e-05	2389.3377873897552
277	-345.5493	65.77028	-225.39862	-540.8223	79.0	-147.43767	75.61302	15.684593	-279.3551	2780000	-0.026787221	1494.1483	-0.000117536634	-343.1366	0.59139466	5.6415993e-06	2397.650233268738
278	-352.0966	60.36093	-233.76308	-534.62225	79.0	-146.53778	75.286316	9.439739	-290.7109	2790000	-0.016997512	1324.1924	-0.00049617235	-322.17334	0.5988003	-9.476462e-07	2405.830662250519
279	-347.24344	60.566402	-195.1831	-520.7922	79.0	-151.0005	74.35943	8.719244	-305.8698	2800000	-0.012381936	1236.3116	-0.000687425	-271.622	0.60107875	0.00038081818	2414.13076543808
280	-349.40784	57.771812	-198.25174	-489.7584	79.0	-148.33768	73.25555	7.294836	-285.4039	2810000	-0.019002536	1219.7539	-0.00014679786	-283.5401	0.6102183	5.311777e-05	2423.0236401557922
281	-360.76096	62.13016	-220.24086	-567.1721	79.0	-148.42606	74.41251	8.204706	-280.7196	2820000	-0.023718737	1378.6454	-0.00012317253	-352.74115	0.59928536	5.7841793e-05	2431.179463624954
282	-351.09576	68.18225	-166.6365	-551.1963	79.0	-154.36653	77.77504	8.878461	-305.50162	2830000	-0.025812168	1631.6787	-0.00039644167	-447.2225	0.61276174	0.0001778264	2439.437304496765
283	-359.76553	67.670135	-176.81993	-525.25195	79.0	-148.97588	75.267624	9.396537	-283.71356	2840000	-0.025435027	1627.8259	-0.000272315	-490.5584	0.6124816	0.0002943025	2447.9287474155426
284	-347.88965	58.647602	-143.15526	-498.17645	79.0	-153.5545	76.293106	14.502262	-281.04904	2850000	-0.017406628	1256.8721	-0.00028060502	-305.22968	0.61207247	0.00031221658	2455.9612448215485
285	-350.43414	59.361713	-201.7327	-596.0315	79.0	-147.28934	75.34559	10.733152	-275.03604	2860000	-0.02682516	1205.2817	-0.00013216026	-292.1131	0.62098247	0.00010007452	2466.141313791275
286	-359.64886	61.70632	-247.6751	-576.753	79.0	-149.46883	73.20899	19.355276	-282.91718	2870000	-0.021141393	1418.2867	-0.00027650408	-376.91898	0.6332377	1.0120784e-05	2479.853127717972
287	-345.1518	61.217484	-158.92665	-510.849	79.0	-154.6947	77.132965	5.537904	-294.24283	2880000	-0.015689919	1437.1917	-0.0003137068	-406.57755	0.62294996	8.90272e-06	2489.427547931671
288	-348.72153	62.067814	-144.59738	-572.7629	79.0	-147.3246	73.62272	10.555313	-280.53067	2890000	-0.028801892	1322.6921	-0.00015053898	-267.07428	0.6243948	6.308349e-05	2500.140587568283
289	-356.0833	61.93491	-244.9622	-623.1072	79.0	-148.08148	74.47603	13.328295	-279.81873	2900000	-0.021763355	1383.2783	-0.0003374396	-337.17557	0.6233771	0.00011961712	2510.276573419571
290	-339.06894	60.96439	-156.29865	-503.801	79.0	-151.18103	75.8621	8.428076	-291.44553	2910000	-0.014829269	1337.2155	-0.00025949953	-364.0337	0.6221708	9.635975e-05	2518.6075899600983
291	-342.71555	62.427944	-216.64322	-565.80255	79.0	-143.44838	73.06537	18.341871	-281.37518	2920000	-0.021510717	1383.9003	-0.00035653636	-272.21603	0.6203069	0.00012315824	2526.9120433330536
292	-349.7488	57.790215	-202.19725	-532.07245	79.0	-145.78827	73.502335	13.176083	-266.9748	2930000	-0.023199536	1253.4406	-0.0003874281	-286.4657	0.61656666	4.2540178e-05	2535.3967854976654
293	-346.4358	60.48602	-208.56503	-542.4697	79.0	-148.75247	73.67303	9.729394	-266.32666	2940000	-0.0069935787	1269.6389	-0.00028106943	-279.71558	0.61639166	0.0001937736	2543.983781337738
294	-352.89667	56.33233	-223.31824	-500.17624	79.0	-146.028	75.838905	14.819487	-273.4982	2950000	-0.009224516	1287.7393	-0.00034069899	-261.79663	0.63680065	6.12234e-05	2552.21453166008
295	-340.19318	59.022697	-179.75696	-595.3908	79.0	-148.60023	74.43638	14.524868	-279.24207	2960000	-0.022794016	1258.7177	-0.0003201234	-213.48888	0.61981547	0.00021494227	2561.3043479919434
296	-344.91174	57.625153	-234.72897	-576.7606	79.0	-144.8214	71.72742	11.853874	-269.1908	2970000	-0.002866123	1075.7119	-0.00018489786	-173.72986	0.62141037	0.00034162373	2569.884614467621
297	-358.1921	61.162403	-231.05663	-545.41125	79.0	-146.03749	72.70324	15.59668	-272.3066	2980000	-0.0062581077	1392.1987	-0.00020387769	-441.92865	0.62867403	0.00021542575	2578.393922805786
298	-355.83594	68.87039	-178.19737	-573.5856	79.0	-153.62027	75.33846	5.645645	-284.6117	2990000	-0.02850909	1605.5176	-0.00018257974	-348.4362	0.6287896	0.000308464	2586.687118291855
299	-343.21527	63.872845	-152.88866	-562.9369	79.0	-152.91321	74.895454	18.77477	-281.55396	3000000	-0.007348597	1348.6165	-0.00019789844	-345.87106	0.6311024	0.00019460969	2596.280327320099
