Epoch	AverageEpRet	StdEpRet	MaxEpRet	MinEpRet	EpLen	AverageVVals	StdVVals	MaxVVals	MinVVals	TotalEnvInteracts	LossPi	LossV	DeltaLossPi	DeltaLossV	Entropy	KL	ClipFrac	StopIter	Time
0	-479.85236	63.33277	-325.9778	-628.28723	79.0	-0.08668634	0.57795256	1.2875326	-1.3053356	10000	-1.1983018e-07	48388.45	-0.006055678	-5468.4985	1.273637	0.019778525	0.3590436	4.0	4.632611989974976
1	-451.23236	63.643257	-296.08347	-620.6572	79.0	-14.544876	0.40384343	-8.903854	-14.713625	20000	1.3659398e-08	38008.48	-0.018442178	-1870.683	1.2637067	0.00919675	0.1552621	79.0	10.51488471031189
2	-449.3458	67.92453	-292.05975	-617.8133	79.0	-20.27996	0.18511187	-16.516756	-20.341177	30000	-1.2417635e-09	36381.0	-0.019292576	-1684.5557	1.2492881	0.010567014	0.12585033	79.0	16.124115228652954
3	-454.3436	70.5128	-302.03912	-610.2804	79.0	-25.555183	0.26858908	-20.263912	-25.612263	40000	-5.029142e-08	34467.613	-0.020601666	-1572.2875	1.2419602	0.00747682	0.14285715	79.0	21.177650690078735
4	-431.54797	75.124985	-267.60236	-611.62256	79.0	-30.450762	1.1817358	-15.107647	-30.70802	50000	-3.228585e-08	30797.36	-0.021007216	-1430.309	1.1936862	0.010538901	0.13285314	79.0	25.960543632507324
5	-420.55295	59.165802	-312.93344	-602.8876	79.0	-34.64357	3.7980194	-3.1243682	-35.59309	60000	2.2227566e-07	26488.703	-0.021934597	-1235.8688	1.1798748	0.010172885	0.15306123	79.0	30.42128896713257
6	-404.20816	65.420586	-190.89789	-544.6657	79.0	-38.79918	5.570218	6.1496115	-40.2004	70000	2.2351742e-08	23394.553	-0.023201166	-1099.2465	1.1619502	0.012552284	0.1547619	79.0	35.215941190719604
7	-399.23697	59.28439	-258.68472	-561.30865	79.0	-42.586742	7.28305	11.550168	-44.6029	80000	1.9247334e-07	21329.912	-0.023689454	-1014.77637	1.1179742	0.011193994	0.17627053	79.0	39.82541298866272
8	-391.64618	62.067913	-217.64937	-538.34	79.0	-46.741047	7.7556343	9.16749	-48.89141	90000	-6.7055225e-08	19528.021	-0.021655282	-930.0208	1.0675904	0.0109908255	0.14996	79.0	43.92176008224487
9	-370.2976	58.550934	-206.9635	-566.4962	79.0	-50.292137	9.198956	10.996582	-53.056812	100000	-1.2417634e-08	16336.952	-0.022942325	-799.6382	1.0430846	0.008133552	0.12675071	79.0	48.36312675476074
10	-364.8787	64.88513	-195.63852	-524.2924	79.0	-54.005596	9.653516	9.268604	-56.986565	110000	-5.370627e-08	15159.388	-0.021845037	-756.70636	1.0204111	0.0067516784	0.118747495	79.0	54.09451651573181
11	-365.22552	72.94481	-228.46793	-560.4519	79.0	-57.120365	11.501177	15.707797	-60.856045	120000	7.450581e-09	14703.601	-0.023669394	-721.32404	0.9778407	0.007790871	0.12334934	79.0	58.62242937088013
12	-344.44693	60.81457	-157.48372	-493.05414	79.0	-60.439594	12.15783	16.898125	-64.68083	130000	-2.483527e-09	11642.513	-0.02060019	-600.2327	0.91374713	0.0050620814	0.09583833	79.0	62.928444385528564
13	-335.19565	55.997166	-191.95183	-482.29218	79.0	-63.214386	13.921626	27.906853	-68.2355	140000	1.7384687e-08	10253.242	-0.02155676	-540.3216	0.8888847	0.005684352	0.10714286	79.0	68.34451627731323
14	-335.2797	57.236145	-208.80452	-470.7443	79.0	-66.335106	14.136886	5.3011665	-71.65176	150000	-7.698933e-08	9596.331	-0.01944724	-511.9431	0.8454542	0.0069017033	0.120848335	79.0	73.48104429244995
15	-324.49954	63.934673	-164.17151	-485.98264	79.0	-69.13888	15.437149	23.037043	-75.02182	160000	7.6678894e-08	8764.187	-0.02005037	-461.33066	0.808801	0.0061520417	0.104441784	79.0	78.18064165115356
16	-318.636	58.056164	-183.84935	-465.71002	79.0	-71.42703	16.857504	14.187519	-78.269	170000	-3.7252903e-08	7500.6797	-0.021651968	-399.32993	0.76311	0.01101001	0.121548615	79.0	82.54462003707886
17	-301.2428	58.574287	-164.6352	-475.76892	79.0	-73.48544	18.517946	19.613201	-81.347084	180000	-2.2972623e-08	6058.1	-0.015239465	-335.51685	0.730773	0.016103651	0.09693877	29.0	85.91929912567139
18	-305.30896	61.745296	-166.31609	-447.58643	79.0	-75.96975	18.70343	21.068148	-84.16142	190000	-6.7055225e-08	6037.457	-0.020856788	-324.9703	0.76654035	0.004799744	0.10354141	79.0	90.8787248134613
19	-310.43472	62.234303	-184.16647	-476.26434	79.0	-79.029816	18.647377	12.144609	-86.99806	200000	-7.4505806e-08	5845.6367	-0.020313708	-330.49136	0.73397034	0.007038027	0.093937576	79.0	96.2230875492096
20	-287.21432	64.19041	-166.53316	-449.16614	79.0	-81.00409	20.145134	10.054554	-89.91804	210000	3.0733645e-08	4507.5137	-0.019052884	-255.5573	0.68576145	0.0071227066	0.084133655	79.0	100.6445517539978
21	-303.08438	65.81175	-161.57439	-464.81406	79.0	-82.299385	21.366325	13.865803	-92.425575	220000	-9.934108e-09	5079.1235	-0.020699518	-291.681	0.7031086	0.009701469	0.102440976	79.0	105.70056247711182
22	-281.8546	64.974144	-152.5657	-444.4356	79.0	-83.97358	22.951523	10.064461	-95.222466	230000	1.2417634e-08	3848.7656	-0.019800657	-211.2273	0.64242715	0.0063140034	0.09263706	79.0	110.38447308540344
23	-283.17517	63.78577	-151.00783	-432.02258	79.0	-85.5604	23.598055	15.559837	-97.62447	240000	1.1424223e-07	3625.7297	-0.018834675	-208.84045	0.613347	0.0096600335	0.093337335	79.0	114.59691715240479
24	-269.0438	60.330433	-152.07062	-390.27664	79.0	-86.322716	25.034664	16.31853	-99.99249	250000	1.7384687e-08	2861.9817	-0.019623002	-167.48242	0.6214774	0.00839216	0.09093637	79.0	119.23817491531372
25	-267.2196	66.11687	-134.27678	-444.9894	79.0	-87.507416	25.605045	14.6199255	-102.0855	260000	1.7384687e-08	2817.0222	-0.017534979	-177.5952	0.55739117	0.0066832043	0.085734285	79.0	124.94694447517395
26	-270.74716	59.294197	-148.12051	-427.87427	79.0	-90.10987	25.466034	18.478859	-104.121025	270000	9.313226e-09	2571.941	-0.019214483	-164.20631	0.59628487	0.007903531	0.08853542	79.0	130.1981704235077
27	-259.93082	61.5906	-132.91339	-399.21024	79.0	-90.157166	27.377277	28.515705	-106.158455	280000	2.1109978e-08	2296.0544	-0.019094093	-148.92859	0.5541921	0.010382934	0.09463786	79.0	135.9039661884308
28	-254.34872	58.37839	-145.79396	-410.90747	79.0	-90.46445	28.29142	7.1389737	-108.03192	290000	1.6142925e-08	1948.4564	-0.017306896	-119.310265	0.5445156	0.009672058	0.08023209	79.0	140.56107902526855
29	-259.63898	64.27298	-153.37544	-420.45752	79.0	-91.76973	27.965078	11.219624	-109.73729	300000	4.967054e-09	2119.5056	-0.016592462	-131.22926	0.53972006	0.0064386497	0.075730294	79.0	145.0363540649414
30	-263.46442	66.46886	-141.55199	-440.13522	79.0	-94.50116	28.225092	10.511755	-111.52087	310000	-8.692344e-09	2311.8342	-0.01806611	-147.57391	0.54093236	0.009763882	0.0852341	79.0	149.8710741996765
31	-255.2648	63.185413	-136.6977	-445.00623	79.0	-93.58869	29.855974	15.224961	-113.49261	320000	0.0	1813.375	-0.020771394	-125.5015	0.49604997	0.013844372	0.104841925	79.0	153.7183482646942
32	-250.58018	61.668087	-130.10329	-441.90045	79.0	-94.980125	30.254986	9.883123	-115.25028	330000	-3.228585e-08	1603.5338	-0.01864642	-124.60944	0.5108266	0.0103593925	0.0932373	79.0	158.12401294708252
33	-245.69154	70.03559	-135.57506	-445.08258	79.0	-94.93312	30.54556	14.618039	-116.79588	340000	-3.973643e-08	1617.7836	-0.017757108	-123.91135	0.4644812	0.010711401	0.08113245	79.0	162.53085708618164
34	-251.42326	64.042114	-154.2764	-399.2351	79.0	-95.38823	31.359768	9.472344	-118.251465	350000	-1.9868216e-08	1435.0541	-0.019039469	-94.27253	0.48402295	0.008084207	0.09063625	79.0	167.724200963974
35	-258.28848	64.7608	-136.08647	-430.44016	79.0	-97.44642	31.05332	8.686465	-119.760376	360000	-3.1664968e-08	1557.6569	-0.016986081	-117.58972	0.48725688	0.0057897703	0.069327734	79.0	171.98907375335693
36	-242.11589	64.10387	-132.15044	-424.14987	79.0	-96.58663	32.93415	21.491282	-121.426056	370000	-3.4769375e-08	1198.5477	-0.01654731	-104.46464	0.45623943	0.009613986	0.09143657	79.0	175.97181701660156
37	-243.86142	61.92753	-131.8768	-409.42896	79.0	-97.939354	32.57334	10.285435	-122.69362	380000	2.8560558e-08	1258.6652	-0.019706512	-113.64584	0.46895015	0.012001626	0.0987395	79.0	180.06388974189758
38	-242.85411	66.8785	-140.43924	-431.17358	79.0	-95.5823	33.546444	12.770449	-123.9591	390000	-2.4835268e-08	1198.2697	-0.01927886	-112.20124	0.45209774	0.008453668	0.09213686	79.0	184.33441543579102
39	-240.18614	73.85795	-131.35493	-467.72592	79.0	-96.28101	34.4183	27.065952	-125.23022	400000	-1.8781671e-08	1249.6832	-0.018764652	-99.10348	0.43832532	0.010194875	0.084233694	79.0	190.06673884391785
40	-238.15735	66.35012	-118.76856	-409.8847	79.0	-94.74406	34.020103	11.855822	-126.46283	410000	1.3659398e-08	1053.6398	-0.019291395	-80.19217	0.4354519	0.00828986	0.08703482	79.0	194.9659743309021
41	-238.9454	66.267944	-113.10946	-441.1298	79.0	-95.70716	34.11942	17.517971	-127.560486	420000	-1.4901161e-08	1025.4579	-0.017198175	-99.90766	0.43614927	0.0078251	0.08353341	79.0	200.74602127075195
42	-230.57217	64.812904	-128.66791	-422.82175	79.0	-95.745224	34.361282	8.340139	-128.64813	430000	-7.450581e-09	874.5396	-0.017937528	-70.66065	0.4111872	0.008620677	0.07683073	79.0	205.15037560462952
43	-235.14586	62.821873	-130.23944	-436.1973	79.0	-95.37946	33.792934	10.55604	-129.55972	440000	1.3659398e-08	994.71826	-0.01941048	-131.34294	0.40273428	0.008543165	0.086134456	79.0	209.68899655342102
44	-229.75902	59.837944	-134.19147	-366.07013	79.0	-96.50916	34.947598	10.947746	-130.61205	450000	1.9868216e-08	801.2297	-0.019234821	-107.08011	0.40344906	0.011635142	0.08453381	79.0	215.63288474082947
45	-230.55714	65.47182	-124.212265	-419.4163	79.0	-97.07663	34.529392	10.426709	-131.50784	460000	3.4924597e-09	788.4402	-0.019311307	-108.90897	0.42572817	0.0073039145	0.07943177	79.0	221.3764567375183
46	-229.34108	61.3887	-139.3707	-406.63474	79.0	-93.76837	35.45952	7.671121	-132.35115	470000	-1.8626451e-08	772.43555	-0.017985625	-102.6719	0.41316447	0.008975423	0.08283313	79.0	227.17905950546265
47	-221.13924	57.35415	-125.22026	-410.7217	79.0	-94.32346	35.34148	11.01589	-133.2528	480000	-6.208817e-09	715.7131	-0.017135637	-84.1587	0.36658204	0.007511443	0.0747299	79.0	232.26608061790466
48	-220.66515	57.747276	-125.18599	-366.1992	79.0	-94.48894	35.48103	8.816661	-133.92813	490000	-2.2351742e-08	649.0971	-0.018200727	-125.68463	0.3979441	0.008737835	0.08443377	79.0	236.32241201400757
49	-219.068	60.729546	-128.57527	-418.9274	79.0	-92.37103	36.37327	15.8329735	-134.60635	500000	-5.5879354e-09	669.35126	-0.017991139	-102.82621	0.3809584	0.008640844	0.08093237	79.0	242.12071323394775
50	-205.49318	48.93389	-129.07054	-359.32047	79.0	-92.691505	36.272156	11.182992	-135.35837	510000	0.0	453.55704	-0.0182356	-71.92133	0.36585793	0.011266881	0.09213686	79.0	246.32808566093445
51	-219.09363	55.47994	-125.46789	-373.7193	79.0	-90.154434	35.26656	5.1869974	-135.82759	520000	-1.6763806e-08	688.07465	-0.018226752	-131.96777	0.34796584	0.009064925	0.08003201	79.0	251.82294368743896
52	-215.62207	59.09765	-117.33526	-378.3587	79.0	-94.88245	35.94185	11.307382	-136.43832	530000	-2.483527e-09	626.6241	-0.017328056	-108.8764	0.36530435	0.010967735	0.08673469	79.0	255.73149824142456
53	-214.33374	61.379913	-113.05769	-385.19296	79.0	-91.55202	36.332317	9.986721	-137.05684	540000	4.967054e-09	617.2708	-0.017174497	-85.480736	0.36770144	0.008226405	0.086334534	79.0	259.5480182170868
54	-199.11568	51.639954	-130.18764	-382.5542	79.0	-87.522545	35.676643	16.061285	-137.76933	550000	-7.450581e-09	457.42026	-0.01737745	-106.01177	0.32134798	0.008488708	0.076430574	79.0	263.9980490207672
55	-203.53696	49.160454	-122.303825	-362.01318	79.0	-90.4113	35.87337	11.765738	-138.13611	560000	-6.2088173e-10	585.0761	-0.016667202	-106.340454	0.3494228	0.008546594	0.08433374	79.0	268.66667222976685
56	-195.72755	45.42253	-124.49584	-330.63266	79.0	-87.748886	36.449196	25.096657	-138.40508	570000	-1.7384687e-08	502.66666	-0.016517965	-124.00582	0.30981562	0.009152778	0.07903161	79.0	273.5197205543518
57	-197.77223	45.151768	-122.712944	-318.1084	79.0	-87.04345	35.81662	6.5984664	-138.65622	580000	-4.967054e-09	453.20166	-0.016236102	-117.38247	0.342827	0.0067525827	0.083533406	79.0	278.0585768222809
58	-199.71512	53.713688	-121.01974	-367.68704	79.0	-88.774734	36.67613	7.3819513	-138.8254	590000	1.2417634e-08	501.9646	-0.017146392	-98.38067	0.35895357	0.0092858905	0.09153662	79.0	283.29701113700867
59	-201.09283	53.515	-125.828224	-383.55197	79.0	-83.98056	34.848194	9.70067	-139.29262	600000	-1.3659398e-08	596.65265	-0.016223148	-134.55211	0.3316897	0.007839822	0.07903162	79.0	287.6091277599335
60	-187.05759	43.407112	-121.8542	-325.37405	79.0	-86.028	36.668304	6.8366756	-139.59126	610000	-1.9868216e-08	452.48267	-0.015543093	-107.996735	0.3229836	0.008253694	0.08383354	79.0	291.918416261673
61	-192.36601	44.612915	-116.57834	-343.00107	79.0	-83.98051	35.06336	9.427268	-139.7449	620000	1.2417634e-08	459.50235	-0.015379059	-113.19018	0.3111281	0.0073906663	0.077731095	79.0	296.7552180290222
62	-188.5743	46.7606	-119.746124	-331.9721	79.0	-83.90287	35.30271	6.4702935	-139.85782	630000	1.8626451e-08	513.5194	-0.017553547	-122.68412	0.31296107	0.008840476	0.07723089	79.0	301.0756769180298
63	-191.10634	52.842068	-114.648895	-389.73273	79.0	-83.729095	36.104404	12.408346	-140.02364	640000	-1.1796753e-08	561.4815	-0.01762416	-131.7018	0.2934611	0.013279732	0.08623449	79.0	305.60390639305115
64	-186.66449	40.72167	-116.83283	-323.84116	79.0	-83.21877	36.33775	5.9367456	-140.34035	650000	2.483527e-09	445.33755	-0.015903896	-100.73434	0.29807556	0.0077083237	0.07312925	79.0	310.51820492744446
65	-182.42967	45.44467	-109.55965	-340.2934	79.0	-80.89407	34.859703	12.978673	-140.37775	660000	2.7939677e-09	502.33777	-0.015515526	-89.661964	0.30404636	0.010222253	0.08303321	79.0	315.2269141674042
66	-183.1911	42.178158	-125.18893	-347.94125	79.0	-81.68956	34.80669	15.768173	-140.27437	670000	1.4901161e-08	524.7674	-0.014389697	-114.479774	0.2898062	0.009113134	0.07903161	79.0	320.5491213798523
67	-182.88841	36.20016	-111.49215	-288.2158	79.0	-81.07724	35.25728	2.1854882	-139.91423	680000	-6.208817e-09	477.03915	-0.015228537	-121.09527	0.27970436	0.008563375	0.07883153	79.0	324.5951998233795
68	-179.8032	44.848606	-114.940605	-333.90536	79.0	-82.17096	35.4317	5.5145726	-140.14758	690000	-2.483527e-09	473.0778	-0.015324447	-94.88242	0.29858336	0.010067665	0.07162865	79.0	328.4380609989166
69	-178.30136	36.37736	-119.26531	-269.8087	79.0	-78.17674	35.055397	5.52207	-140.42784	700000	-6.208817e-09	371.05685	-0.015651034	-70.09605	0.27920797	0.009759504	0.08063225	79.0	332.519850730896
70	-179.94072	43.79792	-117.96038	-330.30023	79.0	-78.99407	33.636917	7.941204	-140.23955	710000	-9.934108e-09	512.038	-0.01677172	-105.12969	0.28864118	0.009173286	0.07683074	79.0	336.508234500885
71	-177.61073	42.052216	-112.38371	-320.08377	79.0	-80.622635	34.873634	13.107629	-140.83557	720000	3.7252903e-09	509.87778	-0.015167761	-103.72817	0.29744533	0.0064540356	0.07943178	79.0	340.7169997692108
72	-175.44334	36.042168	-114.43167	-308.41006	79.0	-78.11905	35.713688	6.2575283	-140.97469	730000	1.9868216e-08	365.62704	-0.017373905	-73.99525	0.31077817	0.010698646	0.08033213	79.0	345.7288417816162
73	-164.01837	35.138134	-106.71053	-300.11975	79.0	-76.59154	33.728096	5.0901985	-139.85127	740000	0.0	356.9625	-0.014543328	-89.71525	0.2795252	0.006895066	0.07222889	79.0	349.72083044052124
74	-166.16884	36.94477	-113.12929	-324.52814	79.0	-74.81547	33.685673	5.3391323	-139.24394	750000	7.450581e-09	397.44995	-0.015357777	-73.66822	0.3008786	0.009035238	0.076230496	79.0	354.63918471336365
75	-170.05144	38.00743	-100.82003	-302.40176	79.0	-74.24591	31.983671	7.455765	-139.39949	760000	-9.934108e-09	410.96042	-0.016130198	-77.35669	0.2752715	0.009033524	0.08483394	79.0	359.25378370285034
76	-172.97981	43.745316	-109.4591	-410.17865	79.0	-75.731514	34.237717	2.9247384	-139.99446	770000	0.0	543.69415	-0.0147917345	-140.19316	0.28752765	0.008883246	0.072028816	79.0	364.75553035736084
77	-170.23982	41.904266	-111.41564	-339.87384	79.0	-77.90385	34.982388	4.4358582	-141.09332	780000	6.208817e-09	516.75616	-0.015520374	-109.430786	0.27485922	0.007854286	0.07432973	79.0	369.3283004760742
78	-169.0375	40.81653	-102.39265	-362.1092	79.0	-76.12049	33.809727	2.928443	-141.09016	790000	-1.4901161e-08	506.08716	-0.015363909	-128.32246	0.26641276	0.008338488	0.07743097	79.0	374.8626730442047
79	-165.5695	37.94189	-107.83148	-287.5137	79.0	-77.15366	34.73385	7.574666	-141.30273	800000	1.2417634e-08	499.09912	-0.015049487	-120.61149	0.2741491	0.009923735	0.07302921	79.0	378.72251558303833
80	-159.21394	35.955627	-98.68439	-332.70096	79.0	-73.5707	32.908516	11.794039	-136.54991	810000	-2.483527e-09	330.8693	-0.016609555	-91.40063	0.2881128	0.011883147	0.07723089	79.0	384.1584553718567
81	-164.33923	41.881283	-103.43465	-392.94574	79.0	-71.566414	32.439014	2.409118	-140.07413	820000	4.967054e-09	496.20618	-0.015219533	-126.19275	0.3064411	0.0076029836	0.07523009	79.0	388.6360719203949
82	-158.01022	35.836075	-106.45216	-344.28757	79.0	-70.58745	33.382767	2.3092103	-141.02145	830000	0.0	412.57974	-0.015036819	-101.50101	0.2745649	0.0100095915	0.07833133	79.0	393.428564786911
83	-162.24251	45.26307	-107.8854	-371.35318	79.0	-71.260994	31.845121	3.3933663	-141.31812	840000	-1.4901161e-08	547.2009	-0.017012723	-142.93861	0.27712274	0.012773369	0.086134456	79.0	397.9157769680023
84	-158.52914	36.05216	-97.0334	-314.1701	79.0	-72.74998	33.61671	5.54037	-141.76663	850000	9.934108e-09	423.26855	-0.015737534	-124.79255	0.27795756	0.00963651	0.07663065	79.0	402.4779999256134
85	-162.526	38.18963	-107.80819	-284.37616	79.0	-70.42398	31.499376	2.3832183	-138.11757	860000	3.7252903e-09	459.40683	-0.016068665	-113.85586	0.2933326	0.0069782417	0.0747299	79.0	406.8888876438141
86	-156.65042	35.556705	-94.8467	-264.49545	79.0	-72.39957	32.883797	8.797434	-136.48337	870000	9.313226e-09	457.14648	-0.016363991	-110.29932	0.29210496	0.00929579	0.082733095	79.0	410.93990874290466
87	-150.42235	33.49558	-103.03083	-284.23102	79.0	-68.39002	31.34816	2.4036546	-133.21548	880000	4.346172e-09	346.1218	-0.016270192	-60.498768	0.30267397	0.010011829	0.08633453	79.0	415.5329649448395
88	-160.452	36.859215	-101.00145	-268.7679	79.0	-67.77448	30.508362	6.270261	-132.90973	890000	9.934108e-09	457.7173	-0.015322794	-108.2689	0.29447106	0.008435165	0.07743097	79.0	420.2814350128174
89	-154.34966	32.494095	-96.45549	-289.90356	79.0	-68.98827	33.220943	2.5882263	-132.9165	900000	1.3038516e-08	327.58228	-0.017637834	-66.38658	0.30147386	0.011752474	0.0852341	79.0	424.92179894447327
90	-155.05759	39.648903	-91.4551	-321.57782	79.0	-69.4362	32.697002	14.413732	-139.40073	910000	-1.1175871e-08	471.60202	-0.01740084	-99.50257	0.29590595	0.009962261	0.08373349	79.0	429.4532015323639
91	-154.01532	34.319496	-102.52299	-276.26395	79.0	-66.39642	31.372707	3.6969848	-134.67278	920000	-7.450581e-09	370.57007	-0.017641718	-88.404236	0.29977	0.010210206	0.08303321	79.0	434.0821342468262
92	-149.61955	32.973175	-96.36381	-292.18732	79.0	-66.8982	31.622944	4.294142	-133.80812	930000	-6.208817e-09	361.5897	-0.015805697	-80.23093	0.29442337	0.011262377	0.077030815	79.0	438.93630194664
93	-150.04584	38.848904	-93.99558	-314.00818	79.0	-66.67234	31.166273	5.3522253	-129.10132	940000	-4.967054e-09	403.15335	-0.017136222	-108.53907	0.29253885	0.010658576	0.079931974	79.0	443.7305362224579
94	-146.88484	31.80341	-83.95126	-245.2147	79.0	-66.271255	31.478891	3.6539497	-135.7985	950000	2.7939677e-08	395.60327	-0.016730888	-115.70138	0.3030424	0.010129013	0.10004002	79.0	449.223103761673
95	-154.08142	35.87655	-99.649055	-265.98172	79.0	-63.82167	30.190453	4.7867866	-128.47238	960000	-4.967054e-09	427.83755	-0.017739417	-103.92307	0.2978699	0.011351213	0.08883554	79.0	454.24569749832153
96	-149.76488	39.80262	-85.46804	-316.754	79.0	-67.06546	31.457912	4.3148656	-135.98717	970000	9.934108e-09	545.227	-0.016338723	-140.21196	0.3014998	0.005183538	0.07533013	79.0	458.38520312309265
97	-149.01674	37.619682	-94.98404	-276.4601	79.0	-66.09376	31.656874	7.0406227	-141.53305	980000	-1.7384687e-08	436.8842	-0.01764076	-106.795654	0.30939576	0.012182549	0.09093637	79.0	462.8765847682953
98	-145.28323	34.409393	-91.71732	-301.0672	79.0	-65.30021	30.68148	7.747748	-137.03261	990000	4.346172e-09	397.6005	-0.016452594	-97.90524	0.3246474	0.00759959	0.08353341	79.0	466.77356576919556
99	-148.03699	39.189068	-88.76829	-339.4907	79.0	-63.61917	30.032537	4.707985	-128.01334	1000000	1.4901161e-08	449.4625	-0.018255763	-122.87787	0.2907359	0.013183228	0.09233693	79.0	472.38865184783936
100	-138.50806	29.68873	-90.92622	-243.75035	79.0	-63.362587	30.505396	7.5464344	-142.00882	1010000	7.450581e-09	331.40402	-0.01588427	-85.0127	0.29736724	0.0081377765	0.08213285	79.0	477.19632363319397
101	-147.00119	37.064224	-82.78479	-296.61447	79.0	-61.39671	29.982088	6.2337246	-137.07901	1020000	-2.7939677e-09	514.95435	-0.01982673	-117.46335	0.3142778	0.01273131	0.08863545	79.0	481.92014050483704
102	-140.11758	33.378033	-87.21756	-253.9828	79.0	-63.454296	31.269402	7.2460527	-136.01855	1030000	-9.934108e-09	393.4977	-0.016914329	-82.53051	0.312206	0.008620903	0.080632254	79.0	486.0255687236786
103	-139.42711	33.84398	-85.104294	-267.51785	79.0	-60.608368	29.91522	4.4008493	-132.89595	1040000	1.800557e-08	375.42966	-0.015596536	-55.295155	0.30074728	0.011439941	0.07993197	79.0	490.1826295852661
104	-139.37389	34.928196	-79.983894	-256.78467	79.0	-60.778748	29.646818	5.694564	-127.69947	1050000	7.450581e-09	390.54224	-0.017785072	-71.99617	0.30919746	0.011300064	0.08393357	79.0	494.0088152885437
105	-138.97467	39.72683	-81.52359	-364.36453	79.0	-61.17566	28.576641	8.30058	-128.23004	1060000	4.967054e-09	488.9755	-0.016607827	-106.41776	0.2973075	0.011980672	0.08963585	79.0	498.76043915748596
106	-142.77068	33.79603	-86.76767	-304.00375	79.0	-58.656574	28.870436	3.922978	-134.01245	1070000	-1.4901161e-08	405.7277	-0.017101899	-73.15916	0.32185626	0.012158732	0.089135654	79.0	502.81368255615234
107	-140.25806	35.242523	-75.75329	-271.44965	79.0	-62.068565	29.806707	4.8101397	-141.28813	1080000	-1.9247333e-08	446.59476	-0.01757151	-73.36265	0.32238427	0.008712426	0.089135654	79.0	508.6292700767517
108	-138.74936	32.461304	-88.21704	-265.5115	79.0	-60.63713	29.40696	7.15728	-121.80936	1090000	9.934108e-09	363.30563	-0.016246451	-54.7052	0.30693746	0.0089299595	0.07683074	79.0	514.7340483665466
109	-133.91048	36.840195	-75.815544	-273.98315	79.0	-59.174515	29.032389	8.327324	-107.429344	1100000	-1.4901161e-08	466.64404	-0.016741391	-98.88825	0.3121734	0.010893601	0.08713486	79.0	518.9997396469116
110	-137.55135	34.814613	-83.83706	-267.8995	79.0	-59.420605	29.87506	4.5321608	-142.78496	1110000	7.450581e-09	408.87296	-0.015842983	-92.97015	0.32005563	0.007651323	0.08093237	79.0	524.8123009204865
111	-132.80243	28.675125	-83.23566	-214.02046	79.0	-58.976852	30.057152	4.5334635	-144.22011	1120000	1.3659398e-08	382.88535	-0.016831622	-109.03562	0.30609512	0.014907968	0.089735895	75.0	530.0940403938293
112	-132.93971	35.78731	-81.226974	-292.01578	79.0	-57.900574	28.892628	4.453635	-116.68983	1130000	4.967054e-09	396.73062	-0.01841939	-60.621517	0.30507615	0.011877771	0.09043617	79.0	534.8797290325165
113	-133.44353	35.289146	-76.17459	-311.44135	79.0	-56.986675	28.036665	7.6316824	-129.84024	1140000	2.483527e-09	441.89444	-0.017041918	-88.652794	0.30927444	0.011572803	0.081932776	79.0	539.8140625953674
114	-129.57385	31.186604	-84.130936	-220.72311	79.0	-59.49668	29.741127	4.2234893	-144.35448	1150000	4.967054e-09	444.6935	-0.01604428	-146.91942	0.31214663	0.012100846	0.093337335	79.0	543.8972320556641
115	-132.29857	37.90719	-75.17087	-323.3688	79.0	-56.36352	27.104317	2.2591107	-101.24589	1160000	-1.1175871e-08	451.5784	-0.01687464	-102.77921	0.3139595	0.00955131	0.09303721	79.0	548.3645980358124
116	-129.15009	33.141045	-78.48205	-250.86534	79.0	-55.910175	29.17229	0.970181	-136.78696	1170000	4.967054e-09	438.31787	-0.015786031	-137.97179	0.31708077	0.015239316	0.091436565	63.0	552.7565081119537
117	-130.7631	38.180603	-78.701904	-366.7843	79.0	-54.409576	27.138805	3.3115947	-118.10734	1180000	7.450581e-09	514.0113	-0.018428447	-85.023865	0.32477507	0.010532975	0.096738696	79.0	558.3558738231659
118	-130.47806	36.487495	-65.446724	-336.09036	79.0	-55.28023	27.63242	3.0631733	-123.2102	1190000	4.967054e-09	409.85953	-0.016628645	-92.25904	0.31064698	0.010839682	0.082733095	79.0	562.9510161876678
119	-131.73633	35.95729	-63.65642	-242.42111	79.0	-55.80883	28.673042	2.160051	-132.91222	1200000	7.450581e-09	430.73526	-0.018867655	-79.33648	0.32738343	0.0136742545	0.096138455	79.0	569.2015335559845
120	-120.360085	31.073498	-64.64225	-213.63794	79.0	-55.51733	27.283514	3.7501848	-117.23305	1210000	4.967054e-09	382.929	-0.017606234	-93.5503	0.318421	0.013561654	0.09563825	79.0	573.544739484787
121	-128.05525	37.47803	-75.99908	-331.2705	79.0	-52.2321	26.196247	13.444771	-97.91073	1220000	-2.2351742e-08	494.7205	-0.016492	-89.83848	0.32167417	0.010140818	0.0817327	79.0	578.516496181488
122	-126.94896	29.501333	-75.70554	-243.78282	79.0	-53.431904	26.719355	2.8007522	-111.76915	1230000	-1.2417634e-08	314.64908	-0.016745282	-56.86732	0.3291855	0.010839127	0.0902361	79.0	583.4216680526733
123	-129.39609	33.51908	-65.9653	-248.90804	79.0	-53.38671	26.682144	3.8553295	-98.77382	1240000	-2.483527e-09	424.10913	-0.01628396	-68.42353	0.3247169	0.011590353	0.0842337	79.0	589.2846183776855
124	-126.038	33.17584	-71.135895	-265.09863	79.0	-55.174908	26.834972	5.1768746	-101.443474	1250000	2.483527e-09	400.68228	-0.01657703	-74.50579	0.32105005	0.011477865	0.085734285	79.0	594.9067783355713
125	-125.050514	32.626522	-75.248314	-230.44595	79.0	-54.093273	26.811907	2.4780054	-101.37308	1260000	-2.1109978e-08	395.85007	-0.01691422	-69.68003	0.3252169	0.01045004	0.085534215	79.0	600.3005230426788
126	-120.89806	32.728592	-70.88307	-321.24435	79.0	-53.196014	26.947388	2.0110755	-96.90849	1270000	-9.934108e-09	370.39243	-0.014864244	-75.60864	0.30599535	0.010614377	0.07933173	79.0	604.725679397583
127	-120.21125	29.83964	-71.42474	-228.3703	79.0	-49.90136	26.641989	3.044107	-100.91437	1280000	-1.7384687e-08	309.02625	-0.017274586	-66.52817	0.31345674	0.012258091	0.09553822	79.0	609.6684691905975
128	-122.44533	30.711369	-72.11436	-219.21527	79.0	-51.58841	26.543371	2.4106128	-106.14041	1290000	-1.2417635e-09	348.3839	-0.01799366	-65.35966	0.31438148	0.01316194	0.08933574	79.0	614.5180840492249
129	-129.35419	36.31877	-60.54518	-267.47327	79.0	-51.356163	26.200394	1.9119141	-101.053955	1300000	6.208817e-09	450.77283	-0.015459289	-98.95042	0.32378295	0.00895621	0.081232496	79.0	618.922426700592
130	-124.279495	34.563824	-74.84894	-363.03574	79.0	-54.62944	28.253773	3.4504633	-126.0712	1310000	1.2417634e-08	418.8406	-0.01697123	-121.30369	0.3264169	0.012404029	0.087535016	79.0	624.8104712963104
131	-125.15219	35.933807	-72.08755	-309.9422	79.0	-53.804096	28.605492	2.3769658	-148.69267	1320000	1.9868216e-08	442.1483	-0.015682338	-105.315636	0.32258737	0.011607628	0.088435374	79.0	629.5406095981598
132	-125.336685	41.507126	-75.38819	-364.10684	79.0	-51.520367	27.412296	0.9173069	-145.15765	1330000	9.934108e-09	488.32764	-0.016962307	-95.814606	0.32007578	0.015352954	0.09573829	59.0	633.6398782730103
133	-125.18118	39.091625	-69.076775	-254.16548	79.0	-51.08954	27.69191	2.110464	-144.74454	1340000	-1.4901161e-08	520.79126	-0.017028505	-97.865295	0.3280495	0.011402388	0.09243698	79.0	637.9875230789185
134	-123.99864	37.072197	-68.29799	-288.1223	79.0	-53.173824	28.717268	2.2275486	-148.1751	1350000	-9.934108e-09	469.1821	-0.01707136	-123.42905	0.33349833	0.00941969	0.09353741	79.0	641.9329092502594
135	-122.77474	30.674097	-67.20684	-226.81616	79.0	-51.593624	27.125477	-0.29941702	-139.29135	1360000	2.9491882e-09	356.43375	-0.018077021	-71.80207	0.328738	0.0121548	0.08943578	79.0	646.3029839992523
136	-127.77396	37.11783	-66.156685	-274.38293	79.0	-52.61271	26.91412	3.2088182	-132.44891	1370000	-2.2351742e-08	470.715	-0.017649189	-98.29443	0.32545263	0.009127859	0.08643457	79.0	651.2115173339844
137	-119.68896	34.26541	-63.543037	-210.22295	79.0	-53.313824	28.170343	-0.1144979	-128.01167	1380000	-1.9247333e-08	418.54898	-0.017620938	-77.786354	0.33219495	0.013600337	0.10204082	79.0	656.5625574588776
138	-119.97794	32.582848	-73.59693	-267.58023	79.0	-49.251427	25.884785	0.08974767	-125.25229	1390000	-2.8560558e-08	356.9866	-0.017780503	-56.42024	0.3275344	0.013266496	0.09373749	79.0	660.2989711761475
139	-126.982704	37.652473	-62.02171	-396.8826	79.0	-50.58371	26.399649	5.3336563	-116.45223	1400000	-2.4835268e-08	495.50064	-0.016284425	-150.81792	0.33169463	0.011054087	0.09263706	79.0	665.1710529327393
140	-118.577614	32.57678	-60.56785	-241.53302	79.0	-54.11453	28.628893	9.017519	-151.19293	1410000	1.3659398e-08	439.04337	-0.017240254	-135.88512	0.3192174	0.011201799	0.090936385	79.0	670.26970911026
141	-113.73853	31.977182	-56.916737	-296.7917	79.0	-50.355316	25.098799	4.96319	-101.10623	1420000	-2.4214387e-08	408.4373	-0.016366543	-61.038036	0.316999	0.012605662	0.09043618	79.0	674.3317790031433
142	-115.06256	30.560366	-59.164238	-208.62224	79.0	-48.35261	24.549162	1.3712044	-93.97784	1430000	9.313226e-09	322.6537	-0.018292485	-44.719242	0.31579176	0.011549954	0.099039614	79.0	679.8340339660645
143	-119.60293	36.20087	-60.84827	-222.63455	79.0	-48.955288	24.507671	2.3974385	-94.18162	1440000	-1.1175871e-08	441.04306	-0.017487556	-59.970245	0.31624404	0.011842087	0.09363746	79.0	684.342369556427
144	-118.00475	32.530293	-67.16895	-300.78397	79.0	-49.965122	25.997257	3.9383779	-134.87836	1450000	-2.483527e-09	359.07492	-0.0180465	-75.46575	0.31918058	0.012522932	0.09493798	79.0	689.931725025177
145	-113.45002	31.181171	-57.594288	-206.13591	79.0	-49.372097	24.774597	5.872735	-96.876976	1460000	8.692344e-09	341.816	-0.017023483	-71.96357	0.29946253	0.010069631	0.084933974	79.0	694.3827879428864
146	-117.948395	34.338043	-65.44047	-253.83203	79.0	-49.412727	26.346712	2.7201643	-109.81903	1470000	-1.4901161e-08	436.6119	-0.016283369	-86.92501	0.3285517	0.01066795	0.08593438	79.0	699.4678554534912
147	-117.396255	35.2681	-63.56323	-245.0371	79.0	-50.494076	26.04444	3.3241727	-126.6142	1480000	-2.4835268e-08	464.69678	-0.016927892	-102.90049	0.31952694	0.00906982	0.08823529	79.0	705.1471538543701
148	-116.98685	35.7251	-68.7632	-356.2724	79.0	-49.411842	25.881475	6.5169787	-149.56313	1490000	-7.450581e-09	388.9065	-0.017156217	-108.20168	0.3204626	0.010156662	0.08413365	79.0	710.0849456787109
149	-117.93738	38.78791	-59.608932	-386.67657	79.0	-49.40285	25.522121	5.639238	-144.24284	1500000	-5.5879354e-09	479.11288	-0.017833862	-112.22705	0.3188617	0.008723076	0.087735094	79.0	714.6599278450012
150	-113.57848	32.45872	-58.936012	-260.44254	79.0	-49.42667	24.670687	8.109268	-131.86919	1510000	9.934108e-09	452.65262	-0.010118929	-132.23592	0.30246007	0.014148357	0.08303321	17.0	717.8828525543213
151	-114.94758	34.346054	-58.637627	-224.07016	79.0	-48.74228	24.825502	13.3771925	-95.15249	1520000	-3.1664968e-08	445.21143	-0.016913628	-90.791466	0.31927702	0.010770465	0.08633453	79.0	722.4638741016388
152	-116.27306	33.962334	-66.11737	-234.87842	79.0	-48.260124	24.888681	2.7222474	-108.32677	1530000	-1.6142925e-08	413.10318	-0.017045517	-89.95536	0.31171456	0.01196713	0.087535016	79.0	727.0673849582672
153	-109.94967	29.02755	-46.742935	-204.73923	79.0	-49.072895	26.182936	3.2323756	-94.48155	1540000	1.7384687e-08	356.42758	-0.016906038	-82.47769	0.3017828	0.013629901	0.08533413	79.0	731.5392050743103
154	-111.82398	30.86505	-66.571335	-267.78827	79.0	-45.482605	23.609589	1.2668717	-94.6869	1550000	-4.4703484e-08	354.21957	-0.016278027	-83.97286	0.30092213	0.010020865	0.0817327	79.0	735.6560235023499
155	-116.99172	33.57679	-64.088875	-240.60158	79.0	-46.742287	24.578564	2.7855055	-122.28055	1560000	8.692344e-09	420.89038	-0.017858531	-75.02191	0.29314426	0.0095371045	0.08303321	79.0	741.0280408859253
156	-111.23747	33.120335	-57.209816	-227.60538	79.0	-49.93023	25.997578	4.307435	-120.331	1570000	-2.483527e-09	387.25302	-0.016023649	-97.131096	0.30668032	0.011006474	0.08513405	79.0	745.4594912528992
157	-115.04019	38.821392	-67.16393	-330.71432	79.0	-46.396866	25.004265	4.7429423	-128.3803	1580000	3.7252903e-09	477.96426	-0.016998706	-119.73239	0.2887194	0.012363687	0.08393357	79.0	750.4475314617157
158	-108.63365	32.291393	-53.404346	-201.75648	79.0	-46.01714	25.68496	4.737704	-124.32674	1590000	2.2351742e-08	404.92578	-0.017196657	-77.72736	0.29557714	0.013366714	0.08463385	79.0	754.4275200366974
159	-107.85673	27.674963	-60.315834	-204.19809	79.0	-46.94684	23.946339	5.194294	-93.97313	1600000	-4.967054e-09	293.90137	-0.017082062	-52.410126	0.29991016	0.008038978	0.08853542	79.0	759.4234750270844
160	-113.76465	33.25708	-60.69028	-258.92038	79.0	-45.26415	22.738363	4.2405953	-121.12164	1610000	-2.483527e-09	387.3422	-0.01669153	-67.02225	0.28493568	0.009722832	0.086934775	79.0	763.4250032901764
161	-107.58571	30.239296	-53.411633	-210.26265	79.0	-47.900803	25.293583	2.7627754	-99.68423	1620000	2.483527e-09	350.24	-0.017716184	-69.903496	0.30355248	0.010942109	0.086934775	79.0	767.3044583797455
162	-111.05093	37.075756	-62.562206	-323.5001	79.0	-45.14557	24.059847	2.3321705	-115.746445	1630000	4.967054e-09	498.65222	-0.018833326	-165.90446	0.29957035	0.013471809	0.093337335	79.0	772.2892389297485
163	-114.1843	36.956882	-53.066326	-258.6914	79.0	-47.5425	25.30575	4.971463	-152.31259	1640000	1.3659398e-08	492.9098	-0.017138692	-131.41142	0.29821363	0.012668324	0.0917367	79.0	777.1725931167603
164	-106.47371	34.533623	-58.356422	-232.6967	79.0	-48.983273	24.713728	3.0332425	-113.89512	1650000	1.4901161e-08	430.87833	-0.017662939	-90.58895	0.2923073	0.011123694	0.08943578	79.0	783.6725468635559
165	-112.20179	34.80606	-54.05827	-250.2624	79.0	-45.248726	23.543962	3.7263978	-104.70695	1660000	1.4901161e-08	428.98364	-0.018309854	-77.30078	0.28816462	0.014622264	0.09233693	79.0	788.0956649780273
166	-108.417946	32.644154	-61.17937	-222.07643	79.0	-46.47296	24.237236	7.341461	-98.453896	1670000	-3.601114e-08	361.42358	-0.018254485	-65.804276	0.29257396	0.0113466345	0.084233694	79.0	793.3301057815552
167	-105.862915	26.869856	-66.38971	-193.13217	79.0	-45.56421	23.621334	4.61374	-103.67141	1680000	-6.2088173e-10	289.0556	-0.018064374	-48.71733	0.28760526	0.013985749	0.09203681	79.0	798.1389861106873
168	-107.85178	33.314266	-57.962322	-270.1391	79.0	-44.589176	22.823858	6.4038534	-81.1518	1690000	-1.8626451e-08	381.63757	-0.017051017	-63.038296	0.28324643	0.014566354	0.0927371	79.0	802.4816699028015
169	-105.41475	33.99579	-59.54363	-241.9775	79.0	-44.966003	23.55166	4.058008	-89.449196	1700000	-3.7252903e-09	401.02048	-0.014813855	-78.937065	0.2733559	0.007129727	0.07382953	79.0	806.4086046218872
170	-107.97996	35.497334	-54.466682	-237.43474	79.0	-45.07069	24.251259	2.365085	-108.644264	1710000	0.0	394.4952	-0.016156016	-76.520836	0.2817836	0.009590636	0.07603041	79.0	811.3958253860474
171	-99.96532	28.228575	-50.099716	-203.08731	79.0	-43.42251	23.929874	4.7620697	-108.45705	1720000	7.450581e-09	333.33603	-0.016027456	-83.77527	0.27020442	0.011038524	0.08673469	79.0	817.2698812484741
172	-107.53794	40.82321	-47.62242	-262.69046	79.0	-42.158012	21.32709	4.927839	-79.66621	1730000	1.1796753e-08	500.15707	-0.018353542	-67.11953	0.27303234	0.011434625	0.086334534	79.0	822.737735748291
173	-107.33823	28.143871	-62.399586	-177.7558	79.0	-44.142365	23.533943	3.4526236	-87.375015	1740000	-2.1109978e-08	375.83456	-0.017508032	-82.654686	0.2740228	0.010519142	0.08713486	79.0	827.2124645709991
174	-99.23424	31.667686	-46.195793	-260.73593	79.0	-45.436157	23.167797	5.910589	-84.20227	1750000	-3.4769375e-08	314.77594	-0.018291742	-76.56588	0.27480888	0.014790821	0.08503401	79.0	832.313469171524
175	-95.84156	25.433788	-44.065132	-168.7049	79.0	-41.55107	21.362036	9.560429	-86.68145	1760000	-1.7384687e-08	261.57828	-0.01594242	-49.398327	0.26657793	0.011027202	0.07683073	79.0	836.6193387508392
176	-104.246544	36.068146	-39.219784	-221.17868	79.0	-40.203754	20.622486	2.8171017	-72.00999	1770000	-1.2417635e-09	472.228	-0.015337388	-90.027466	0.2688963	0.011099151	0.07983193	79.0	840.4854445457458
177	-106.05308	34.676266	-45.145622	-228.67412	79.0	-44.207138	23.185286	2.7217185	-90.322754	1780000	-4.967054e-09	406.99158	-0.01659371	-51.687256	0.2710116	0.012846634	0.08653462	79.0	845.4978177547455
178	-105.24982	32.835033	-30.877127	-208.87372	79.0	-45.1437	23.087595	5.021228	-109.24021	1790000	2.9802322e-08	419.8418	-0.015652632	-60.639324	0.27292317	0.011172288	0.07883153	79.0	851.2533242702484
179	-99.71174	27.9169	-37.339867	-190.45021	79.0	-43.21869	22.343615	7.060997	-98.588	1800000	2.483527e-09	315.31912	-0.016447918	-54.993122	0.27882537	0.013467312	0.082633056	79.0	855.2595226764679
180	-100.50205	32.388172	-44.66648	-212.8334	79.0	-41.63698	20.759464	7.3639674	-81.446846	1810000	1.9868216e-08	363.3492	-0.016568199	-59.72234	0.28521863	0.013973198	0.090536214	79.0	859.3765742778778
181	-105.43983	31.462511	-53.14302	-233.15604	79.0	-42.41274	20.677662	6.0714073	-80.44147	1820000	-4.967054e-09	358.51498	-0.015830973	-55.411694	0.28932726	0.010876493	0.079231694	79.0	863.859703540802
182	-106.45408	40.466377	-28.745174	-267.06952	79.0	-45.29412	22.486767	8.500751	-81.876724	1830000	-1.2417634e-08	487.0337	-0.017986445	-78.09684	0.285444	0.011178265	0.09163666	79.0	867.6856300830841
183	-97.9931	29.797087	-33.936344	-194.00214	79.0	-43.989315	22.59935	3.164245	-94.00785	1840000	-1.7384687e-08	307.20496	-0.017472617	-62.158478	0.27722225	0.014076818	0.08903561	79.0	873.0887515544891
184	-99.82503	33.354343	-37.24968	-220.35828	79.0	-40.533005	20.846	6.0989795	-85.94334	1850000	2.3593506e-08	377.63663	-0.015484228	-52.791416	0.27037027	0.012874586	0.084933974	79.0	877.95920586586
185	-99.31977	29.142818	-49.049023	-196.19853	79.0	-41.381573	21.718712	8.288317	-83.73435	1860000	-2.1109978e-08	279.6412	-0.016129216	-52.35631	0.27597067	0.010542932	0.08283313	79.0	881.8326284885406
186	-98.68035	32.519955	-50.151764	-231.1996	79.0	-40.922432	22.141567	3.419295	-84.696815	1870000	-1.7384687e-08	385.4441	-0.01657294	-60.70526	0.28012773	0.013797548	0.090536214	79.0	886.476781129837
187	-106.02834	38.701588	-47.897903	-302.83203	79.0	-40.549896	21.161865	3.8782847	-75.51837	1880000	2.483527e-09	488.78854	-0.01844688	-98.12701	0.2735548	0.013329367	0.0902361	79.0	891.4168508052826
188	-96.153244	31.150183	-38.87741	-284.73984	79.0	-44.35357	23.513775	5.692033	-95.45052	1890000	1.9247333e-08	428.1744	-0.0153077515	-103.026405	0.25134888	0.010623622	0.08453381	79.0	896.4871172904968
189	-96.511856	29.0921	-44.073345	-182.72386	79.0	-41.10647	20.766905	5.8203516	-76.53102	1900000	-1.6142925e-08	316.0765	-0.015848117	-57.376038	0.25438112	0.008908453	0.07172869	79.0	901.3081450462341
190	-94.790726	30.045422	-37.916557	-254.49072	79.0	-40.353493	20.431469	3.4593103	-73.922585	1910000	-1.4901161e-08	349.27457	-0.016664755	-70.37574	0.26373005	0.009086575	0.075930364	79.0	905.824497461319
191	-101.05044	30.764301	-53.610622	-234.98	79.0	-39.823235	20.557926	3.9309	-81.07549	1920000	0.0	357.05942	-0.017000774	-58.967915	0.24980819	0.014138461	0.08003201	79.0	910.6126575469971
192	-101.336296	31.909609	-46.424667	-196.51422	79.0	-42.35506	21.686033	3.0452118	-86.82344	1930000	-1.6142925e-08	349.09586	-0.016757363	-60.624676	0.2663625	0.008238693	0.07823129	79.0	914.939626455307
193	-90.43795	31.72743	-27.615183	-193.84729	79.0	-41.192627	22.170048	3.9305756	-96.42129	1940000	3.7252903e-08	335.4486	-0.0170392	-78.87356	0.2625882	0.011252391	0.083533406	79.0	919.1075859069824
194	-98.032394	33.123436	-52.06717	-264.50238	79.0	-38.13143	20.694046	3.625786	-123.20024	1950000	0.0	388.4563	-0.01659184	-79.312645	0.2629229	0.014954187	0.08463385	79.0	924.7838778495789
195	-95.57338	29.299063	-45.039936	-201.51721	79.0	-41.403202	20.343075	1.4631233	-90.36822	1960000	1.4901161e-08	335.57944	-0.016333872	-80.8718	0.25911534	0.014534018	0.08383354	54.0	929.0158410072327
196	-95.201485	32.16423	-34.45182	-192.39793	79.0	-39.839764	21.343292	2.690435	-86.58638	1970000	9.934108e-09	399.07065	-0.01674701	-66.615326	0.25931472	0.0110378815	0.084133655	79.0	933.4317381381989
197	-97.34344	28.952751	-41.260906	-196.59865	79.0	-40.22543	20.485643	4.0696077	-122.62076	1980000	8.81652e-08	328.02206	-0.015558861	-72.50536	0.25750333	0.011247922	0.08393357	79.0	937.47767162323
198	-97.646324	27.16639	-44.50521	-165.22385	79.0	-39.824318	21.337091	1.6968188	-86.59755	1990000	-2.4835268e-08	281.92465	-0.016961524	-38.093967	0.2553984	0.011728406	0.074329734	79.0	942.624356508255
199	-96.01738	36.315804	-36.72295	-268.95792	79.0	-41.089394	20.864613	1.0848632	-82.11453	2000000	-1.2417634e-08	486.6853	-0.016887186	-132.7281	0.2550759	0.012575917	0.0822329	79.0	946.3707242012024
200	-101.49033	31.702806	-42.247078	-191.21533	79.0	-40.125107	21.447332	3.3096547	-106.32254	2010000	4.2219956e-08	419.6272	-0.015059024	-95.43363	0.23905505	0.009024859	0.07262905	79.0	950.6140565872192
201	-96.729454	29.731117	-44.570057	-193.49068	79.0	-43.349785	22.283413	1.6585534	-106.262344	2020000	-1.4901161e-08	370.9064	-0.017359255	-95.48887	0.24792643	0.0117881745	0.07973189	79.0	955.0435161590576
202	-94.850555	28.940887	-46.920734	-204.58363	79.0	-40.716423	20.984848	1.9532652	-82.024345	2030000	-1.1796753e-08	341.70007	-0.018292129	-72.14221	0.2518551	0.012618984	0.08663466	79.0	960.4895596504211
203	-100.575134	36.603138	-41.181038	-244.92194	79.0	-38.704956	19.794573	3.725903	-75.043	2040000	-3.228585e-08	443.59268	-0.015114349	-79.32343	0.24627416	0.013104486	0.08313326	79.0	964.9086768627167
204	-96.267136	42.805237	-35.233513	-415.03076	79.0	-41.442764	22.247255	1.9677687	-89.51503	2050000	-3.8494665e-08	577.39325	-0.016773414	-215.5367	0.2530147	0.013161908	0.08063225	79.0	969.1284918785095
205	-94.5395	31.054092	-47.075424	-175.80232	79.0	-39.25008	21.763584	4.2280674	-155.47783	2060000	-3.7252903e-08	337.94916	-0.015007693	-61.78349	0.24546957	0.011186915	0.07312925	79.0	972.8645277023315
206	-91.4123	29.239176	-42.926666	-221.444	79.0	-39.286118	20.780418	4.5698595	-78.93877	2070000	2.9802322e-08	302.41785	-0.016048428	-55.35443	0.24478762	0.010577816	0.07993197	79.0	977.458434343338
207	-96.02297	34.03007	-44.186096	-191.93604	79.0	-37.487785	20.059584	2.0606778	-91.93507	2080000	8.2266824e-09	432.99753	-0.015795508	-73.78866	0.23315416	0.01460215	0.075030014	79.0	981.997416973114
208	-90.31285	31.659199	-28.115494	-224.54915	79.0	-40.62071	20.810707	4.1207952	-81.05063	2090000	-1.9868216e-08	392.52893	-0.016139327	-94.982056	0.23835094	0.012826033	0.07543016	79.0	986.6416420936584
209	-93.79603	34.017624	-17.227596	-229.81482	79.0	-37.884693	20.271774	0.4381156	-83.9396	2100000	8.692344e-09	409.7256	-0.016984649	-72.42975	0.241645	0.013008311	0.08213285	79.0	991.428685426712
210	-98.761505	33.419975	-42.337532	-224.82599	79.0	-38.265408	20.46544	6.5714517	-84.80835	2110000	-1.1175871e-08	417.44434	-0.016645456	-62.563763	0.25159574	0.009205948	0.07883153	79.0	996.3236775398254
211	-90.234505	26.789042	-36.783306	-188.13104	79.0	-41.68585	21.007444	3.4125125	-82.3667	2120000	2.4835268e-08	256.64005	-0.014796999	-54.992664	0.23522	0.014780377	0.06992797	63.0	1000.0436177253723
212	-98.66875	32.405434	-42.111435	-213.6216	79.0	-37.583523	19.77224	3.7387958	-79.05625	2130000	-1.6142925e-08	419.00308	-0.014880565	-74.312164	0.24137081	0.010637752	0.08043218	79.0	1004.4506962299347
213	-94.40134	29.244724	-37.033516	-231.86737	79.0	-41.539783	21.519394	5.7374835	-93.8323	2140000	7.450581e-09	339.33517	-0.01626951	-53.13275	0.2550023	0.0122483745	0.07943177	79.0	1009.7649059295654
214	-96.92225	38.678722	-38.862858	-269.57556	79.0	-39.63736	20.541348	2.2408824	-98.07712	2150000	-8.692344e-09	436.07797	-0.017177323	-107.25117	0.25463125	0.01127528	0.08153262	79.0	1013.5496520996094
215	-95.05295	30.688873	-42.65804	-218.42404	79.0	-40.762608	22.007376	3.5791843	-158.99117	2160000	0.0	383.0055	-0.017778285	-88.1959	0.25473663	0.013062757	0.085534215	79.0	1018.388747215271
216	-90.10307	27.493729	-44.654945	-184.15427	79.0	-39.59669	20.513254	2.5146775	-87.9942	2170000	-2.4214387e-08	287.10895	-0.015302247	-42.332012	0.2542328	0.0106703155	0.07132853	79.0	1022.4364538192749
217	-93.86677	36.685482	-38.585693	-279.37817	79.0	-37.292236	19.60643	3.0627503	-85.99282	2180000	1.2417634e-08	477.06857	-0.016507406	-112.42822	0.24163604	0.010198999	0.07673069	79.0	1026.7411670684814
218	-96.95721	32.824814	-26.250856	-177.36894	79.0	-39.645954	19.896252	4.9584756	-121.91887	2190000	-1.7384687e-08	404.29764	-0.017212478	-72.87675	0.25055352	0.0148951	0.083533406	79.0	1031.650277376175
219	-92.25453	25.397081	-45.448025	-180.03088	79.0	-41.51219	21.112226	1.0698338	-93.035034	2200000	-7.450581e-09	283.47382	-0.01552853	-52.15021	0.2435806	0.010157322	0.074929975	79.0	1035.9071311950684
220	-90.87209	28.729477	-34.501476	-217.2276	79.0	-37.837574	19.418913	5.8921804	-98.270454	2210000	-1.8626451e-08	298.8301	-0.015426033	-44.89566	0.24161766	0.008925055	0.06602641	79.0	1041.296531677246
221	-89.090454	26.695923	-38.58657	-166.53627	79.0	-37.93624	19.897842	2.6064687	-78.71604	2220000	-9.934108e-09	257.31317	-0.01593535	-29.69031	0.24431793	0.012678962	0.07793117	79.0	1046.2532444000244
222	-89.252014	32.447414	-35.419266	-224.73978	79.0	-37.402023	19.3675	6.1087675	-74.62379	2230000	4.346172e-08	325.8035	-0.017141087	-62.529377	0.2581998	0.0093640555	0.07983193	79.0	1050.5966529846191
223	-94.10064	33.880825	-45.19134	-224.5651	79.0	-37.064514	20.820686	4.7265863	-97.52329	2240000	3.3527613e-08	405.8468	-0.014838051	-78.534996	0.23539974	0.010945325	0.07332933	79.0	1054.304992198944
224	-94.27725	27.100685	-49.692215	-196.61009	79.0	-40.167976	21.276682	0.9491222	-86.47927	2250000	-1.3814618e-08	279.4164	-0.015904736	-38.54858	0.24660933	0.010128816	0.07162865	79.0	1059.0072400569916
225	-90.35194	30.047268	-44.383415	-227.4848	79.0	-38.771828	20.097692	0.8561032	-83.04001	2260000	1.2417634e-08	291.06668	-0.015565977	-42.148342	0.2421977	0.013307239	0.07362945	79.0	1064.2770748138428
226	-89.61711	28.179714	-34.202526	-178.88072	79.0	-36.783478	19.74869	3.8255818	-88.631134	2270000	6.208817e-09	303.7997	-0.016583452	-55.755573	0.245037	0.009904609	0.07743097	79.0	1068.3542778491974
227	-92.7804	30.761175	-32.396126	-206.41669	79.0	-38.59699	19.497038	1.4874003	-85.85681	2280000	7.450581e-09	339.97702	-0.01753627	-49.48525	0.2444873	0.014277938	0.08773509	79.0	1072.0469303131104
228	-90.81366	31.708014	-35.72101	-221.1384	79.0	-38.808086	19.054209	5.301784	-72.03018	2290000	1.8626451e-09	317.71674	-0.015880182	-48.96053	0.24195425	0.010520774	0.07863145	79.0	1076.121998310089
229	-89.232735	29.242325	-39.133343	-175.71106	79.0	-36.74551	20.566757	1.9434206	-73.683556	2300000	4.967054e-09	287.09402	-0.015673818	-38.123714	0.24692178	0.010542229	0.07182873	79.0	1080.8524520397186
230	-91.54385	30.71644	-44.430714	-204.67825	79.0	-37.52381	19.990158	8.899432	-75.26076	2310000	-9.934108e-09	332.63553	-0.016305156	-62.157913	0.25947878	0.0103291115	0.080532216	79.0	1085.2225036621094
231	-88.67404	28.05169	-43.82496	-175.71742	79.0	-37.410088	20.00194	2.9085426	-80.13989	2320000	-6.084641e-08	319.18552	-0.015734535	-66.13056	0.24677093	0.011955292	0.07432973	79.0	1090.5260055065155
232	-90.81893	34.842068	-30.29048	-244.75137	79.0	-37.0431	19.432165	3.8390896	-122.82401	2330000	6.45717e-08	348.3129	-0.016614458	-61.17332	0.2411715	0.009168872	0.07883153	79.0	1094.8494992256165
233	-90.12333	31.84922	-37.32327	-187.29892	79.0	-37.169666	20.500885	4.6825876	-95.93414	2340000	1.1796753e-08	376.33963	-0.017414393	-63.385273	0.24333237	0.0123844	0.07953181	79.0	1099.480631828308
234	-84.99205	23.91509	-22.477139	-160.67386	79.0	-37.730743	19.03635	3.7747252	-112.43875	2350000	2.9802322e-08	222.43929	-0.016822645	-40.71263	0.24829192	0.012956864	0.08183273	74.0	1103.6694231033325
235	-88.92545	28.310703	-39.571415	-195.80537	79.0	-35.97846	19.113567	11.644546	-79.10073	2360000	7.450581e-09	295.9729	-0.01534995	-55.6243	0.24368851	0.00966869	0.068927564	79.0	1108.3076283931732
236	-92.169334	29.252686	-40.35865	-196.57988	79.0	-37.229618	18.498314	2.2061734	-74.7686	2370000	1.9868216e-08	306.8297	-0.0150299175	-52.843338	0.23084395	0.008887927	0.07312925	79.0	1112.9838876724243
237	-87.40317	28.325438	-34.956047	-164.29654	79.0	-38.206287	20.407436	3.332291	-90.65169	2380000	1.3659398e-08	293.84055	-0.014586491	-42.996105	0.24087958	0.014906257	0.07653061	57.0	1116.9826538562775
238	-85.80421	24.94482	-39.95366	-161.20764	79.0	-36.332386	18.713102	1.5030959	-84.304115	2390000	-2.4835268e-08	220.77502	-0.015031698	-55.07722	0.24829976	0.015055147	0.07883153	52.0	1120.8561346530914
239	-89.8038	34.300182	-36.712746	-243.15672	79.0	-35.70013	19.20402	1.1923289	-93.4604	2400000	-3.7252903e-09	481.3112	-0.01241431	-97.56666	0.25143287	0.015705073	0.07613045	31.0	1124.6165792942047
240	-85.5279	28.727772	-43.37615	-184.52632	79.0	-38.684826	19.783024	1.2727673	-88.80468	2410000	-1.9247333e-08	331.0528	-0.015460563	-73.03126	0.23821552	0.01265376	0.08023209	79.0	1129.0345222949982
241	-86.40617	29.42609	-35.879128	-179.88214	79.0	-35.221672	18.40666	0.52734995	-102.24215	2420000	9.313226e-10	313.8738	-0.015294039	-47.01266	0.23324282	0.00965704	0.07903161	79.0	1133.3726892471313
242	-84.06993	23.62263	-37.475376	-163.42393	79.0	-36.40878	19.594063	2.3603275	-130.0425	2430000	1.8626451e-08	213.5933	-0.015085208	-45.186802	0.23728462	0.013242037	0.07583033	79.0	1137.271418094635
243	-89.95847	33.2393	-35.17206	-211.5126	79.0	-33.689255	17.966806	1.799005	-74.660866	2440000	-7.450581e-09	415.41235	-0.013469115	-87.52531	0.24259281	0.014794923	0.064225696	47.0	1141.44873380661
244	-93.328064	29.217703	-39.824806	-186.3828	79.0	-37.580803	20.408722	1.0409791	-94.401886	2450000	-1.9868216e-08	362.3934	-0.013591435	-76.54157	0.24638987	0.014909091	0.07633053	35.0	1145.37060546875
245	-86.96478	32.290627	-37.182644	-233.21227	79.0	-39.343582	20.383167	2.7430837	-106.12819	2460000	4.967054e-09	375.111	-0.015748708	-83.864845	0.2425276	0.014851791	0.07953181	58.0	1149.6257746219635
246	-91.14142	32.74797	-37.43637	-227.661	79.0	-36.13412	18.670607	3.4414558	-76.36426	2470000	1.8626451e-09	337.3406	-0.0160377	-61.08374	0.23720448	0.014032419	0.07863145	79.0	1153.717368364334
247	-85.28746	25.195778	-40.266567	-165.7619	79.0	-37.825512	19.88918	3.120852	-86.204	2480000	-2.4835268e-08	269.20212	-0.014258701	-42.026066	0.23557961	0.00829564	0.07442977	79.0	1157.8390645980835
248	-86.21424	28.690756	-42.59863	-206.34099	79.0	-35.86824	18.46612	5.888917	-74.686295	2490000	1.9868216e-08	316.4597	-0.016875634	-60.899624	0.23703146	0.013894501	0.07943177	79.0	1162.311698436737
249	-86.66984	32.646107	-31.683378	-221.09926	79.0	-36.204826	19.04647	1.6967998	-79.99281	2500000	-3.228585e-08	368.38406	-0.014366463	-76.50092	0.24136598	0.010502438	0.074929975	79.0	1167.3248348236084
250	-84.899	30.91131	-23.417276	-168.20558	79.0	-35.876186	19.467884	0.54025054	-74.860466	2510000	2.2351742e-08	344.01428	-0.015679322	-68.05761	0.22023313	0.01475142	0.076330535	75.0	1172.5634870529175
251	-89.42664	25.574781	-46.76111	-208.2813	79.0	-34.64427	17.609818	2.3700366	-78.833664	2520000	2.2351742e-08	277.22116	-0.017054517	-79.92768	0.2276371	0.0130604105	0.08133253	79.0	1177.6939964294434
252	-87.24914	32.956333	-31.634098	-218.2842	79.0	-36.76216	19.364164	4.5315046	-86.37976	2530000	1.7384687e-08	400.35397	-0.017112019	-75.68722	0.23120123	0.015078872	0.06872749	79.0	1183.1741564273834
253	-82.53872	27.473423	-28.863007	-177.1706	79.0	-37.334362	18.955803	0.657285	-82.8567	2540000	-3.8494665e-08	292.5752	-0.015891291	-60.959576	0.22864021	0.012548077	0.07883153	79.0	1188.3450920581818
254	-85.29494	28.899837	-33.302223	-180.3343	79.0	-34.493267	18.417727	2.8584447	-77.80422	2550000	3.5700698e-09	290.7189	-0.014936909	-55.683247	0.22936332	0.015268776	0.07683074	60.0	1191.8284227848053
255	-90.259346	33.173016	-39.716885	-244.39876	79.0	-35.359226	18.118801	0.3048036	-84.69166	2560000	1.8626451e-08	399.78784	-0.0155910095	-68.96075	0.23523767	0.014836316	0.08433374	65.0	1196.1460437774658
256	-85.61874	24.801624	-41.651783	-174.38054	79.0	-38.251225	18.63247	-2.1595647	-86.3604	2570000	4.718701e-08	244.84404	-0.014906676	-42.533756	0.24294446	0.010859047	0.07813125	79.0	1200.598483800888
257	-90.55919	35.770447	-23.05156	-182.96353	79.0	-36.84532	18.142406	1.2899206	-72.35208	2580000	-1.4901161e-08	444.348	-0.015342156	-88.33712	0.23510678	0.0099657765	0.07583033	79.0	1204.848147392273
258	-94.548515	36.064983	-29.497257	-224.07504	79.0	-37.86836	20.340618	2.6415553	-101.80127	2590000	-4.967054e-09	449.0082	-0.015567611	-87.66299	0.24564414	0.0103348205	0.074229695	79.0	1209.249856710434
259	-85.5224	26.1522	-36.115765	-165.7168	79.0	-39.408382	19.990643	2.0013566	-96.35201	2600000	-1.2417634e-08	291.38712	-0.015892902	-77.38206	0.23219967	0.0156243155	0.083333336	76.0	1214.100655555725
260	-87.04194	29.875553	-29.805183	-166.17699	79.0	-35.059933	18.170404	1.274292	-77.87336	2610000	0.0	296.32437	-0.015402322	-44.8896	0.2337079	0.010111903	0.07422969	79.0	1219.3356976509094
261	-84.87683	26.574812	-35.936745	-189.13144	79.0	-36.318195	18.761356	0.5535841	-84.51373	2620000	-2.9802322e-08	302.45483	-0.015982939	-51.96431	0.2337925	0.0131184785	0.07523009	79.0	1223.6727073192596
262	-89.82014	30.523575	-32.811714	-217.53027	79.0	-35.286903	17.777552	-0.21196651	-76.43669	2630000	-1.1175871e-08	368.42618	-0.017067047	-57.14358	0.24045861	0.012926306	0.07382953	79.0	1228.8965277671814
263	-83.92943	27.97772	-33.397747	-167.9685	79.0	-38.403194	18.83136	1.4836366	-79.62272	2640000	2.483527e-09	296.323	-0.015302695	-55.397568	0.23217072	0.0098723555	0.07042817	79.0	1233.7057490348816
264	-85.7834	34.624756	-36.161034	-285.49094	79.0	-35.06846	18.018126	-0.06068659	-74.82265	2650000	3.7252903e-09	394.36047	-0.015569913	-56.49605	0.224486	0.011582515	0.07322929	79.0	1239.0094962120056
265	-88.60308	32.22333	-32.65219	-234.04529	79.0	-35.18485	18.369781	-0.04853797	-89.656136	2660000	3.228585e-08	376.87363	-0.013587932	-70.62682	0.22613204	0.015240998	0.068627454	31.0	1243.1578121185303
266	-84.25657	31.874	-35.815464	-215.346	79.0	-37.115067	20.12032	5.567272	-93.15341	2670000	4.5945246e-08	381.16635	-0.014640912	-93.08645	0.22929971	0.011297145	0.07533013	79.0	1247.9687163829803
267	-87.471466	32.54651	-26.371405	-224.80002	79.0	-35.02516	18.75045	3.8187482	-69.90261	2680000	0.0	390.4934	-0.015333547	-80.11719	0.23041189	0.0144377975	0.07533013	66.0	1252.2267665863037
268	-83.30548	28.71204	-25.510117	-194.31241	79.0	-36.935474	19.11175	3.2927191	-73.907364	2690000	-2.7318796e-08	321.5391	-0.015198745	-80.91116	0.22603218	0.013106235	0.08163265	79.0	1256.6781616210938
269	-83.6025	29.672775	-32.08457	-169.83418	79.0	-34.259674	18.270948	5.844571	-80.146324	2700000	3.601114e-08	320.30276	-0.014840533	-59.818707	0.228935	0.011802185	0.08023209	79.0	1261.5105731487274
270	-86.86179	29.937176	-34.58612	-194.79324	79.0	-34.14214	18.135168	2.9535804	-84.157326	2710000	9.934108e-09	329.8559	-0.01564332	-85.44463	0.23081677	0.011238846	0.07713085	79.0	1266.415893316269
271	-87.01747	30.976036	-37.483273	-179.20163	79.0	-36.996273	20.46519	1.7940047	-91.966576	2720000	-1.6142925e-08	347.90665	-0.015081562	-78.02015	0.22194676	0.013521518	0.07693077	79.0	1271.9754033088684
272	-83.70398	26.696888	-23.435198	-178.16463	79.0	-35.90047	19.160185	1.8879967	-80.827385	2730000	-1.2417634e-08	275.9421	-0.015864583	-63.503784	0.23060103	0.013617168	0.07943177	79.0	1276.860003232956
273	-83.22866	29.895864	-26.73642	-230.3051	79.0	-34.256577	18.191656	8.827555	-72.55524	2740000	6.2088173e-10	316.32605	-0.016529365	-46.534405	0.23041733	0.011632825	0.07513005	79.0	1282.7802500724792
274	-83.24964	27.694227	-26.715374	-183.49481	79.0	-34.62298	18.054802	1.8357913	-78.624	2750000	-1.9868216e-08	284.66238	-0.014563978	-43.17693	0.22613184	0.012683739	0.07322929	79.0	1287.1394205093384
275	-83.4486	25.847319	-34.324593	-173.19879	79.0	-35.12461	18.193085	1.0189533	-71.53325	2760000	-1.8626451e-08	226.45764	-0.014879879	-40.458263	0.23323637	0.014751673	0.07543017	56.0	1291.2500655651093
276	-83.73714	33.412663	-37.028984	-178.78178	79.0	-34.10821	18.097492	3.0130455	-72.775955	2770000	1.9247333e-08	419.6018	-0.01702148	-107.11205	0.22990514	0.014612675	0.084233694	79.0	1296.4009184837341
277	-88.80225	29.3174	-31.81111	-169.17303	79.0	-35.14667	18.178844	-1.0930712	-82.05403	2780000	4.4703484e-08	320.82367	-0.01608028	-56.397816	0.23543532	0.00905716	0.080632254	79.0	1301.2469036579132
278	-80.1061	29.126707	-28.383821	-209.13728	79.0	-36.939247	19.08532	-0.96068525	-72.62684	2790000	3.4769375e-08	302.112	-0.014838296	-62.397816	0.24100548	0.015240525	0.083533406	69.0	1305.3767790794373
279	-86.81329	31.412859	-39.965927	-197.1076	79.0	-32.951626	17.13144	2.6301758	-83.96965	2800000	-1.7384687e-08	378.08154	-0.01832403	-61.338024	0.24249494	0.015035023	0.091136456	73.0	1310.333880186081
280	-86.37213	36.784107	-30.928194	-351.84857	79.0	-36.89498	18.413235	2.5221686	-88.01214	2810000	1.2417634e-08	476.88132	-0.016708827	-171.96208	0.2408238	0.013948865	0.08643458	79.0	1315.7531442642212
281	-85.425095	32.419495	-26.128117	-213.42459	79.0	-35.485916	20.26775	2.58239	-138.4258	2820000	-2.483527e-09	400.2059	-0.016660316	-124.26383	0.23655732	0.014982189	0.08183273	77.0	1321.47296667099
282	-85.25246	38.021435	-25.515043	-255.30399	79.0	-36.459873	20.735699	4.5079184	-148.6818	2830000	1.4901161e-08	425.93845	-0.016369805	-93.634735	0.22409354	0.010666166	0.0822329	79.0	1326.4886739253998
283	-87.12079	34.863506	-31.901646	-255.58716	79.0	-34.642906	19.864637	19.637339	-139.11633	2840000	-1.9868216e-08	389.12564	-0.017089112	-92.59023	0.23324488	0.01447733	0.08453381	74.0	1330.9237003326416
284	-87.21011	29.403387	-18.480314	-181.62177	79.0	-35.8733	19.855762	4.6226892	-136.62929	2850000	-3.9115548e-08	295.34433	-0.01578558	-54.564938	0.2346044	0.012069947	0.07993197	79.0	1334.6227338314056
285	-82.45188	30.759886	-36.97677	-201.10864	79.0	-36.14713	19.03599	2.8041394	-111.64352	2860000	2.4835268e-08	301.24573	-0.017152533	-72.10136	0.23845923	0.012442171	0.082733095	79.0	1338.524091243744
286	-85.162964	28.685095	-36.731953	-178.62628	79.0	-33.223278	18.096422	2.1980257	-105.44898	2870000	1.9868216e-08	259.43546	-0.017012186	-53.635098	0.23784578	0.013620564	0.080632254	79.0	1343.810837507248
287	-86.4065	26.928423	-39.97221	-192.54056	79.0	-34.77882	18.251173	1.0321567	-77.74615	2880000	-9.934108e-09	248.16176	-0.017387724	-47.091152	0.23996992	0.012368199	0.08183274	79.0	1349.2791311740875
288	-89.45099	34.06659	-33.949574	-210.81853	79.0	-35.098663	18.942057	2.0572567	-125.49867	2890000	2.2972623e-08	435.4639	-0.017533174	-95.94721	0.24630852	0.015081863	0.08503401	74.0	1353.4060626029968
289	-84.762245	29.357449	-19.214294	-186.20079	79.0	-37.82477	19.637318	12.426395	-91.2699	2900000	2.9802322e-08	364.82462	-0.017581815	-83.34021	0.23124158	0.012944166	0.08293317	62.0	1357.666873216629
290	-86.12824	29.881367	-29.720709	-188.05965	79.0	-35.93738	17.904118	11.763844	-75.43676	2910000	4.967054e-09	317.5419	-0.015923096	-58.525654	0.22681803	0.012063471	0.07563025	79.0	1361.3756096363068
291	-85.28102	28.41	-34.853046	-166.72157	79.0	-36.171093	18.513794	3.6777928	-77.59654	2920000	4.967054e-09	276.67578	-0.017530821	-52.400906	0.24170358	0.012720239	0.084133655	79.0	1366.217399597168
292	-80.97816	28.127699	-27.865952	-215.52202	79.0	-34.237778	17.254936	4.897626	-72.98628	2930000	-1.0244548e-08	244.39868	-0.016181165	-63.971935	0.22385575	0.0135199735	0.08093237	79.0	1370.6124653816223
293	-89.14786	43.14109	-35.471184	-352.96414	79.0	-32.401115	18.098576	5.4974213	-84.14775	2940000	-4.967054e-09	630.4839	-0.017547198	-199.33539	0.22955446	0.009890218	0.07723089	79.0	1374.8094227313995
294	-80.66487	27.183428	-32.942738	-152.89418	79.0	-38.604244	20.95568	-0.7582197	-139.63698	2950000	1.7384687e-08	414.57913	-0.015601146	-197.53535	0.21619435	0.01473286	0.079931974	59.0	1378.3270225524902
295	-87.61436	31.364443	-41.876217	-233.87369	79.0	-32.805943	17.278864	2.3683724	-67.53193	2960000	7.450581e-09	345.95084	-0.016987309	-66.37229	0.22685741	0.013774642	0.07763106	79.0	1383.3179395198822
296	-87.81023	38.1877	-36.13718	-287.3284	79.0	-36.199554	17.837349	4.2521877	-70.98843	2970000	1.1796753e-08	399.7727	-0.016642312	-75.02761	0.21427894	0.011348498	0.07833133	79.0	1388.090285539627
297	-80.75712	30.181292	-36.93282	-163.02768	79.0	-35.750797	18.891876	9.454248	-79.76237	2980000	-2.4835268e-08	351.66687	-0.016739206	-66.52	0.21754016	0.012146853	0.08083233	79.0	1393.1282637119293
298	-80.99855	27.192299	-16.50599	-175.03514	79.0	-32.846813	17.383123	3.479061	-64.93114	2990000	-1.3659398e-08	248.28351	-0.016591687	-48.096462	0.22257239	0.01534341	0.084733896	69.0	1397.5215201377869
299	-83.10456	27.755058	-36.995922	-192.85258	79.0	-33.209995	17.385397	2.134285	-75.18453	3000000	-3.7252903e-09	258.90622	-0.016454408	-38.704655	0.21763736	0.010065659	0.07803121	79.0	1402.271099805832
