Epoch	AverageEpRet	StdEpRet	MaxEpRet	MinEpRet	EpLen	AverageVVals	StdVVals	MaxVVals	MinVVals	TotalEnvInteracts	LossPi	LossV	DeltaLossPi	DeltaLossV	Entropy	KL	Time
0	-554.2277	86.25623	-263.0144	-741.22656	79.0	-0.3168311	0.35729608	0.9465939	-1.4292009	10000	0.089408636	65379.035	-0.0019347575	-5880.915	1.0838706	0.0006153063	9.279140710830688
1	-560.41675	79.81866	-385.7862	-746.67303	79.0	-13.692337	0.3714677	-10.112505	-13.878532	20000	0.08176779	60540.04	-0.000990333	-2460.995	1.1388688	0.0005164583	17.805115461349487
2	-536.6797	79.03631	-315.8167	-709.476	79.0	-19.595146	0.14173448	-13.648064	-19.650875	30000	0.078058854	53045.367	-0.0016647212	-2025.7217	1.1374266	0.00032805157	26.115349769592285
3	-523.89154	84.61316	-347.9134	-711.21173	79.0	-24.815071	0.101128444	-23.108742	-24.850952	40000	0.052530773	48749.785	-0.0008034888	-1820.1758	1.1671262	4.1313935e-05	34.310401916503906
4	-532.16846	81.381966	-332.19934	-723.1763	79.0	-29.778244	0.10537036	-25.781582	-29.803074	50000	0.058041994	48240.36	-0.00095594826	-1819.0723	1.1826093	0.0008041004	42.64129900932312
5	-535.73175	79.412926	-348.6864	-753.8416	79.0	-34.71596	0.295058	-27.500307	-34.774418	60000	0.055374034	46675.625	-0.0015199552	-1774.4443	1.1821877	0.0008473478	50.851032733917236
6	-517.6294	83.42842	-305.1594	-695.9066	79.0	-39.282074	1.841287	-18.84659	-39.70735	70000	0.03995034	42122.895	-0.0014119553	-1616.0273	1.1991067	0.00092935096	59.168708086013794
7	-515.79224	70.15896	-324.3356	-655.1516	79.0	-43.206738	5.1116853	-2.2760677	-44.44076	80000	0.030400425	40254.98	-0.0013538115	-1563.4395	1.2288078	0.00032314818	67.58111143112183
8	-519.0139	81.75653	-284.4004	-711.6197	79.0	-47.003468	7.972836	12.8606205	-49.140503	90000	0.008311177	38851.773	-0.001814193	-1498.1719	1.2425861	0.0015443515	75.98771929740906
9	-509.24957	71.89244	-292.79825	-741.3771	79.0	-51.156445	9.198245	14.02202	-53.78836	100000	0.004223789	35582.508	-0.00071126083	-1393.6611	1.257308	0.00021303963	84.61496615409851
10	-515.64557	72.39246	-341.54077	-687.9186	79.0	-55.04626	10.947596	19.108591	-58.31737	110000	-0.0010569189	34712.72	-0.0016123563	-1353.5503	1.2584989	0.00090029166	92.83029294013977
11	-489.83215	73.232574	-319.24463	-668.24164	79.0	-59.10071	11.754755	9.268865	-62.811535	120000	-0.0123512205	30329.053	-0.0007401835	-1202.6914	1.261871	0.0010581452	101.09529185295105
12	-490.52515	74.556	-289.93832	-693.3852	79.0	-62.825844	13.200907	16.20684	-67.101395	130000	-0.015006194	28991.281	-0.0012386839	-1164.5952	1.2775608	0.00029323262	109.20049929618835
13	-490.29074	77.38315	-284.06158	-657.92975	79.0	-66.34425	14.5886	20.028057	-71.34277	140000	-0.015837353	27580.8	-0.0012771194	-1113.728	1.2796872	0.00086651946	118.28562879562378
14	-484.33658	69.84203	-340.5745	-642.9443	79.0	-69.716835	16.140251	24.690495	-75.52316	150000	-0.019574568	25522.518	-0.00068311405	-1030.794	1.2910997	0.0006105089	127.3953583240509
15	-484.98224	83.37184	-304.70224	-696.408	79.0	-73.159134	16.978254	21.707952	-79.60097	160000	-0.02080722	25294.477	-0.00044795172	-1025.2119	1.2893736	0.0005725915	136.0458369255066
16	-480.81403	67.45592	-295.6364	-630.9802	79.0	-76.70565	18.225697	14.875004	-83.70379	170000	-0.034835417	22709.812	-0.00097326096	-946.47705	1.2859625	0.0009984814	144.67952132225037
17	-483.17465	89.6083	-252.78362	-681.4149	79.0	-79.39403	20.41957	44.157066	-87.69364	180000	-0.027966056	22696.023	-0.0010692175	-943.999	1.2827251	0.0009833069	153.53208565711975
18	-481.29562	78.1738	-286.20853	-662.4806	79.0	-83.13424	21.10319	19.848377	-91.680435	190000	-0.038155943	21391.531	-0.0005581686	-905.1797	1.2722142	0.0007135514	161.58191013336182
19	-465.64246	71.38806	-272.6781	-681.04724	79.0	-86.44469	22.421343	22.39675	-95.6297	200000	-0.026114022	18502.002	-0.0014795475	-787.03125	1.2809385	0.0007184233	169.76316118240356
20	-468.30606	68.50057	-304.5586	-671.7175	79.0	-88.28492	24.855112	12.585011	-99.35167	210000	-0.030742135	18254.432	-0.0003051916	-786.3157	1.2773175	0.0009384568	178.42009449005127
21	-470.39667	81.32917	-243.03583	-674.0477	79.0	-91.77203	25.207468	14.2080765	-103.093216	220000	-0.029254142	17365.75	-0.0009121455	-737.00146	1.2723517	0.00023202284	186.51335430145264
22	-468.66974	85.36356	-307.18903	-654.46136	79.0	-94.16245	27.009905	16.125809	-106.78573	230000	-0.027519632	16996.826	-0.00032542093	-740.51465	1.2681352	-5.7044403e-05	194.64014387130737
23	-458.9103	80.99766	-283.038	-694.34094	79.0	-97.67687	27.397137	17.834944	-110.47697	240000	-0.032751452	15540.625	-0.00050264667	-700.34204	1.242914	-4.9110386e-05	203.1992781162262
24	-455.11832	70.448814	-265.7457	-617.0677	79.0	-99.18395	30.379961	16.418167	-114.059975	250000	-0.04391583	14081.494	-0.0006208811	-648.9075	1.246338	0.0001394828	211.20760941505432
25	-461.7214	79.097244	-247.02167	-659.8656	79.0	-102.11781	30.958124	20.489668	-117.529526	260000	-0.047057666	14372.69	-0.00074718404	-679.81396	1.2336475	0.00064152636	219.2324709892273
26	-458.87637	79.41748	-228.16866	-608.82104	79.0	-104.922676	32.183693	12.714279	-121.1326	270000	-0.06494344	13827.402	-0.00070597394	-655.6355	1.2128698	0.00043576106	227.31233310699463
27	-450.37225	81.89131	-237.08751	-627.4773	79.0	-107.13878	34.154354	36.805824	-124.68413	280000	-0.050120316	11973.191	-0.0009736838	-555.88574	1.2066512	0.0006434973	235.36704897880554
28	-454.81412	89.89545	-250.54819	-758.4055	79.0	-109.44312	34.69019	11.664932	-127.98496	290000	-0.040248815	12474.648	-0.00042528752	-577.67285	1.1992419	0.00030587515	243.40396523475647
29	-465.2209	80.57098	-244.70312	-658.1388	79.0	-112.03203	35.632484	11.5751915	-131.37888	300000	-0.038969107	12119.73	-0.0005065545	-611.573	1.1864235	0.0007727763	251.4807848930359
30	-452.55215	80.94736	-244.35208	-636.69165	79.0	-115.24125	36.801865	20.452274	-134.84882	310000	-0.0655362	11039.516	-0.0013763297	-565.0823	1.1566863	0.000889829	260.13141107559204
31	-469.11847	88.92409	-280.25034	-685.99786	79.0	-115.87543	39.27734	13.961989	-138.15602	320000	-0.057623293	11872.949	-0.0008280128	-616.1443	1.1305437	0.0008358429	268.22158312797546
32	-441.88596	92.16682	-133.67934	-637.3449	79.0	-118.74435	39.784405	22.842415	-141.60063	330000	-0.04204715	9820.648	-0.0008724779	-519.47095	1.1194468	0.0011397859	276.3316514492035
33	-454.44122	81.86681	-198.17694	-691.68604	79.0	-120.40754	41.60729	26.80574	-144.74228	340000	-0.057978805	9768.8125	-0.00047861488	-519.1599	1.0761349	0.00081014255	284.37215518951416
34	-455.46332	85.23106	-227.24733	-682.5449	79.0	-122.88816	42.579693	10.678897	-147.93983	350000	-0.07208108	10111.094	-0.00094981864	-533.0155	1.0530028	0.00025241176	292.4703052043915
35	-448.5739	77.71096	-252.24658	-611.7725	79.0	-124.88248	43.405994	15.43077	-151.252	360000	-0.06414582	8813.121	-0.0007990531	-552.08276	1.0391774	0.000521674	300.475248336792
36	-451.0408	86.958466	-247.1534	-677.75397	79.0	-127.41385	44.852207	22.198954	-154.46996	370000	-0.056127608	8913.66	-0.00024127308	-511.36133	1.0025461	0.0007026618	308.5318536758423
37	-450.4261	83.006584	-249.305	-724.4296	79.0	-129.75293	45.15907	16.430077	-157.62505	380000	-0.06481841	8146.33	-0.00054845866	-491.71912	0.97930807	0.000582004	317.0623276233673
38	-441.82755	89.384895	-199.42723	-697.7398	79.0	-130.55984	47.86919	10.280721	-160.71225	390000	-0.051704857	7785.3335	-0.00023994315	-485.85803	0.96114504	0.0006014047	325.8202245235443
39	-436.48322	88.54467	-203.23108	-670.8267	79.0	-131.77147	48.917763	10.927518	-163.69109	400000	-0.048260223	7073.419	-0.000103301136	-513.19275	0.94286335	0.00033243845	333.8841292858124
40	-446.27734	87.88666	-251.38434	-663.2092	79.0	-132.3884	50.3478	10.978438	-166.45613	410000	-0.07404889	8170.323	-0.0003271466	-533.8817	0.8939582	-0.00014567043	342.3133294582367
41	-440.58176	95.828285	-149.88171	-700.2548	79.0	-134.60698	51.78898	9.632465	-169.54211	420000	-0.08048117	7148.89	-0.00025732443	-544.135	0.8750942	-7.0652546e-05	350.3462760448456
42	-435.57193	104.39166	-229.0102	-688.08844	79.0	-136.54517	52.52418	18.834158	-172.39626	430000	-0.039254818	7166.5566	6.830681e-05	-519.1084	0.8732188	0.00015716428	358.45234417915344
43	-444.16254	103.93205	-181.00278	-722.5576	79.0	-136.49843	55.403717	8.387806	-175.28638	440000	-0.052519888	7304.16	-0.0002792863	-566.7478	0.8439515	7.381609e-05	366.5117976665497
44	-440.29898	97.1922	-185.63554	-692.46735	79.0	-137.17488	55.58305	7.0461082	-178.12526	450000	-0.061164424	6493.7896	-0.00019352348	-595.3894	0.83331853	0.00019898076	374.59856271743774
45	-431.02292	100.83798	-231.526	-710.3397	79.0	-140.4264	54.975903	7.6611605	-180.80382	460000	-0.062625244	5873.433	-0.00018221629	-457.89514	0.7937416	-0.0001063412	383.8187129497528
46	-435.3229	102.07101	-233.09808	-729.59827	79.0	-139.49094	56.108963	8.614569	-183.30806	470000	-0.08192398	6251.9546	-0.000105293	-495.69812	0.798469	5.8583806e-05	393.6850266456604
47	-443.20847	110.27153	-142.59169	-762.5551	79.0	-144.69557	56.32763	8.190063	-185.98045	480000	-0.08982174	6646.8877	-0.00041725097	-478.03552	0.78549206	0.00015176757	403.42875480651855
48	-441.50443	101.47836	-182.82457	-698.4501	79.0	-145.07977	58.715614	11.346746	-188.78958	490000	-0.06523697	6127.7363	-1.1931639e-05	-479.6493	0.7528452	0.00011112583	413.34143900871277
49	-429.96756	95.59543	-211.86697	-630.7789	79.0	-146.90971	59.37732	7.298314	-191.55013	500000	-0.09479378	5179.0303	-0.0005148109	-546.3262	0.78201157	0.00042981506	423.03915095329285
50	-435.41104	102.411476	-128.8511	-728.5063	79.0	-144.2047	62.031452	6.3730774	-194.02089	510000	-0.07701263	5413.8535	-0.0003013471	-650.7087	0.7039508	-4.9652575e-05	431.7733540534973
51	-439.58203	100.23349	-239.62831	-717.0318	79.0	-145.67267	63.04092	0.14514565	-196.36598	520000	-0.084060594	5593.342	-0.0002894448	-623.85364	0.6983473	-0.00017343895	440.69175577163696
52	-439.55267	102.76774	-165.7594	-680.2231	79.0	-149.37607	63.1962	5.7071	-198.92053	530000	-0.070409834	5759.023	-0.00016872492	-593.06323	0.6796653	-4.7526373e-05	449.0616817474365
53	-439.4763	89.08918	-152.24281	-692.99756	79.0	-148.56023	64.33165	9.7240505	-201.5419	540000	-0.099126235	4613.68	-0.00017114636	-434.9818	0.7041849	0.00022063986	457.0084252357483
54	-433.70502	94.795166	-163.04297	-652.16235	79.0	-151.29457	64.69499	19.37927	-204.01993	550000	-0.060428567	4738.9688	-2.838485e-05	-549.2122	0.7085278	2.7412341e-05	465.00910329818726
55	-451.95224	112.41088	-190.44519	-866.15076	79.0	-152.89265	66.50408	6.3925815	-206.40344	560000	-0.06275094	5865.25	-9.579724e-05	-696.5852	0.6682415	0.00014072032	473.17669224739075
56	-427.33948	109.33306	-177.23567	-679.8902	79.0	-156.22273	66.87593	13.074645	-209.1817	570000	-0.07619052	4712.0596	-0.00016098702	-507.06793	0.6627059	5.784869e-05	481.60816717147827
57	-448.78534	96.64045	-239.2721	-692.7774	79.0	-156.81973	66.034706	7.1845503	-211.47252	580000	-0.07123166	5040.509	-0.00019370718	-625.72986	0.65952957	-4.327345e-05	489.7650988101959
58	-434.17612	97.41564	-227.25601	-646.2794	79.0	-156.75467	68.80181	6.2515755	-214.10332	590000	-0.05868459	4297.0293	-0.00016578194	-546.53723	0.6759425	0.00014808349	498.29241037368774
59	-430.3899	99.70512	-183.45833	-706.5553	79.0	-155.312	70.144806	5.6046333	-216.34618	600000	-0.055566505	4223.6	-0.00011964908	-564.684	0.6432265	4.511948e-05	506.71577978134155
60	-442.4871	99.32779	-146.18546	-681.6567	79.0	-155.18723	70.993675	20.844086	-218.44885	610000	-0.0701037	4637.1636	-0.00015964592	-622.47675	0.660387	6.7931487e-06	515.3317487239838
61	-434.9393	106.45979	-185.80167	-679.9421	79.0	-158.21413	70.73914	15.09098	-220.8113	620000	-0.06468529	4571.6475	-0.00015998585	-634.92834	0.64787674	6.535277e-05	523.4628322124481
62	-438.48706	107.41905	-227.54147	-775.21936	79.0	-158.86247	71.049484	6.683742	-223.05408	630000	-0.0146730635	4490.469	-7.509487e-05	-538.0121	0.6520759	2.4592671e-05	531.4399409294128
63	-430.84247	114.29887	-114.71216	-696.5446	79.0	-160.22545	73.043015	6.787356	-225.29239	640000	-0.055887192	4566.342	-0.00017893361	-589.2194	0.6493484	-1.2542911e-05	539.4688227176666
64	-443.05304	96.05078	-240.53816	-700.47394	79.0	-159.98904	72.49089	13.942063	-227.33873	650000	-0.062025025	4097.5425	-7.584132e-05	-689.16296	0.6550425	1.8648814e-05	547.4437575340271
65	-421.28925	96.02197	-202.41779	-687.16547	79.0	-161.33665	73.981125	14.665537	-229.57109	660000	-0.05353954	3481.9907	-9.3743205e-05	-531.38116	0.640894	-2.3518736e-05	555.7221076488495
66	-431.34796	106.91443	-210.4603	-721.7492	79.0	-160.44255	73.56277	8.047722	-231.15884	670000	-0.048589103	3992.3086	-7.820735e-05	-554.08514	0.6238689	3.2520933e-05	563.9939963817596
67	-426.19394	95.57185	-190.88217	-735.63855	79.0	-163.55852	73.49607	10.9966	-232.97276	680000	-0.07617183	3439.6667	-8.814223e-05	-450.03778	0.6470332	-7.782168e-06	571.9961404800415
68	-443.89832	99.91787	-237.28969	-705.74695	79.0	-164.5848	73.09478	21.081861	-234.82596	690000	-0.08896385	3870.0273	-0.00014241226	-577.2843	0.658586	7.0394955e-05	579.9087426662445
69	-429.6926	93.614174	-154.83755	-660.4694	79.0	-165.172	75.15599	11.207872	-236.95541	700000	-0.056859437	3478.4426	-0.00013922271	-502.9369	0.62561125	-4.3462547e-05	588.9006206989288
70	-429.55948	106.1917	-184.5955	-717.32245	79.0	-164.30896	75.72086	9.024153	-238.77472	710000	-0.04764314	3898.6782	-0.00016265223	-582.4401	0.6487425	2.5072331e-06	596.9271993637085
71	-424.0074	100.693924	-184.74663	-684.54517	79.0	-159.23718	76.93066	10.996569	-240.51271	720000	-0.061732985	3811.5894	-0.00029571028	-669.6532	0.60510826	3.4896075e-06	604.9897606372833
72	-433.68082	101.76972	-156.02832	-728.2049	79.0	-162.7016	77.29933	9.473516	-242.08745	730000	-0.058646172	3813.0164	-0.00019230787	-612.4408	0.6520741	1.6889331e-05	613.4225308895111
73	-423.63834	89.794106	-197.3877	-665.48346	79.0	-167.70155	77.45061	14.933067	-244.16086	740000	-0.044878848	3238.8481	-0.0001955498	-554.80865	0.6138358	8.110226e-05	622.2282547950745
74	-427.2851	99.06202	-212.80305	-780.36005	79.0	-162.02426	78.993004	7.4789	-245.66107	750000	-0.04750555	3398.8257	-0.00019126572	-510.57947	0.57615435	-2.5169214e-05	630.3509593009949
75	-440.92316	97.8862	-255.52696	-678.25323	79.0	-163.36546	77.14466	10.139445	-247.11797	760000	-0.034532018	3598.3345	-0.00011976552	-641.5838	0.57366073	5.0485505e-05	638.3831961154938
76	-429.9735	110.976814	-137.33029	-774.1039	79.0	-170.93597	79.232025	11.973043	-249.15611	770000	-0.057770547	3940.9514	-0.00035152258	-546.20667	0.5716704	6.337931e-05	646.4514124393463
77	-433.6512	97.787224	-219.52533	-694.5582	79.0	-166.29457	79.87425	11.549505	-250.99297	780000	-0.054997157	3450.021	-0.00031516724	-556.928	0.5867789	7.329817e-05	654.730562210083
78	-412.4205	102.69716	-122.36903	-750.32074	79.0	-164.979	83.22343	11.787165	-252.78535	790000	-0.035524294	3180.8792	-0.00026953162	-581.5472	0.5771831	0.00030376788	664.4733982086182
79	-438.68433	98.548996	-160.5131	-692.1715	79.0	-164.32759	77.594	3.8947887	-253.91957	800000	-0.02604038	3827.511	-0.00021049147	-747.5303	0.5493176	0.00018736746	672.9701945781708
80	-431.09808	108.829414	-158.99423	-786.978	79.0	-169.93602	82.82417	3.8081994	-255.80585	810000	-0.04870085	3782.5242	-0.00018843543	-515.2447	0.5473869	1.8746203e-05	682.3373856544495
81	-437.26575	96.77437	-167.38199	-681.9576	79.0	-168.00352	80.15093	7.0913205	-257.59695	820000	-0.013026172	3206.3447	8.082134e-05	-506.67407	0.5551589	-7.0722826e-06	690.5975241661072
82	-431.29044	99.19836	-132.57855	-708.25775	79.0	-173.2697	82.0103	10.657386	-259.15405	830000	-0.06580008	3620.8223	-4.4329092e-05	-721.94183	0.5203698	-1.5866644e-06	699.1043999195099
83	-420.73004	113.674446	-203.66484	-718.6731	79.0	-168.79193	83.68364	4.1759806	-260.92664	840000	-0.048014306	3739.5283	-0.00013422256	-561.98944	0.5322298	-3.6689882e-05	707.346982717514
84	-415.44247	107.89369	-179.40266	-726.2329	79.0	-165.50839	81.76712	6.5888753	-262.2941	850000	-0.021240182	3653.9333	-8.89902e-05	-658.81885	0.521665	5.1706447e-05	715.3640289306641
85	-439.78503	102.04381	-238.09798	-738.8692	79.0	-164.89584	84.19375	10.790493	-263.24173	860000	-0.018698761	3895.48	-0.00018161349	-779.78973	0.51909685	-3.0343943e-05	723.4683589935303
86	-425.2359	110.13065	-139.7825	-732.88525	79.0	-172.69807	83.45148	10.622171	-265.02634	870000	-0.041852616	3735.4883	-0.00017457036	-548.6639	0.48645097	-7.5952456e-05	731.6767089366913
87	-433.5906	92.89422	-219.71861	-692.50006	79.0	-170.4963	83.83117	10.273681	-266.17642	880000	-0.013432646	3162.4092	-0.00014469447	-687.6316	0.49216187	8.9054636e-05	740.6785311698914
88	-419.17044	98.62911	-207.77243	-655.4593	79.0	-173.73811	83.52473	8.9238405	-267.505	890000	-0.031602312	3384.5706	-6.5679895e-05	-565.4237	0.53307694	3.6141195e-05	748.908430814743
89	-444.43826	104.5333	-201.46179	-720.0863	79.0	-168.26437	83.396355	4.404496	-268.2799	900000	-0.041434646	3777.1426	-0.00010117912	-775.875	0.4707999	8.201552e-06	756.9503057003021
90	-445.95355	102.373535	-180.93327	-744.8235	79.0	-174.1324	87.529945	11.017632	-269.78833	910000	-0.016754294	3322.882	-0.00010826113	-490.82202	0.5109651	-4.704289e-05	765.0869152545929
91	-430.86813	108.74461	-177.34561	-678.50635	79.0	-173.2005	86.35816	9.22303	-271.64713	920000	-0.020423314	3750.979	-7.540267e-05	-746.6323	0.49184275	0.00010057248	773.2428905963898
92	-429.37262	103.58748	-170.51448	-682.4154	79.0	-170.0502	80.840164	8.629555	-273.02713	930000	-0.025090089	3691.1025	-8.871406e-05	-722.54553	0.5161053	5.6280922e-05	781.3957312107086
93	-416.19757	98.33166	-179.55072	-737.85406	79.0	-174.37727	84.37404	10.225933	-274.27924	940000	-0.031341754	3064.6401	-5.435315e-05	-617.72406	0.49271268	1.3883571e-05	789.4342844486237
94	-425.99765	109.34568	-138.07578	-784.0706	79.0	-165.43948	83.9632	17.307455	-275.16605	950000	-0.020084118	3579.4358	-8.028094e-05	-698.2821	0.5231528	9.168018e-05	798.0616805553436
95	-428.21558	105.49754	-182.77452	-714.1792	79.0	-170.36412	85.693794	13.840997	-276.4115	960000	-0.03991291	3501.5796	-9.038678e-05	-631.8412	0.5037218	6.0665145e-05	806.2353179454803
96	-428.4966	100.66141	-214.26796	-708.7095	79.0	-169.28716	83.2631	4.9142337	-277.48996	970000	-0.025503082	3325.9197	-0.00018100487	-592.08344	0.5023668	0.00010073757	814.3627045154572
97	-411.95782	117.50099	-163.56107	-739.1164	79.0	-173.11008	87.06745	13.4459	-278.37976	980000	-0.017441265	4097.067	-0.0001428636	-783.9939	0.48271856	-1.3214022e-05	822.4535641670227
98	-439.78937	112.967384	-229.59998	-760.179	79.0	-169.04884	84.63576	10.596338	-278.85016	990000	-0.0044349134	4173.86	-5.3494354e-05	-980.48785	0.46152046	-2.0120246e-05	830.5355117321014
99	-429.95364	99.66387	-236.5338	-703.24164	79.0	-175.0199	87.03279	12.928051	-280.69965	1000000	-0.043972366	3625.0898	-5.8043282e-05	-742.549	0.44322932	-3.5355788e-06	838.6936473846436
100	-425.7294	102.78741	-221.21466	-693.28455	79.0	-169.88753	85.40136	5.7771864	-281.7513	1010000	-0.008425975	3446.8254	-9.849202e-05	-537.7521	0.47036853	7.496482e-05	847.2189073562622
101	-419.80768	96.73066	-215.61159	-644.9619	79.0	-169.82867	86.77926	12.315399	-282.83618	1020000	0.0019557034	3091.12	-9.447336e-06	-653.5432	0.47331548	1.4684625e-05	855.5544526576996
102	-424.65756	106.69837	-204.449	-743.3658	79.0	-171.09207	85.952255	6.7327003	-283.57004	1030000	-0.013105334	3854.706	-0.00012231781	-773.849	0.4529066	-6.811241e-05	863.9997539520264
103	-405.9713	102.422676	-149.77353	-652.91254	79.0	-168.7021	86.17947	21.381237	-284.71094	1040000	0.009862362	3627.6958	-0.00019273371	-994.00946	0.45959148	4.420533e-05	872.3421857357025
104	-436.45587	113.153145	-186.03409	-727.123	79.0	-168.15895	84.44435	4.370016	-285.4064	1050000	-0.016245998	4104.751	-5.4209726e-05	-795.8144	0.43493184	3.8674487e-05	880.435332775116
105	-427.40417	116.27707	-191.61266	-756.248	79.0	-170.343	89.77815	9.894363	-286.97058	1060000	-0.013060807	3506.998	-7.2410796e-05	-640.16125	0.44618106	-3.9934726e-05	888.5848264694214
106	-419.478	114.93556	-183.68289	-714.7053	79.0	-169.66945	88.87424	15.741194	-288.17154	1070000	-0.011002041	3594.5347	-8.9131296e-05	-636.498	0.44371614	-3.3999222e-05	896.6169264316559
107	-427.77502	107.24228	-156.89491	-705.4169	79.0	-163.73912	84.67838	7.823639	-288.99188	1080000	-0.014173677	3554.1062	-0.00013937242	-659.03314	0.45321745	7.020435e-05	904.7378835678101
108	-416.84714	99.026535	-150.12938	-660.1417	79.0	-173.1154	89.07666	8.342739	-290.46277	1090000	-0.027437042	3347.2747	-5.4802746e-05	-752.84924	0.4564372	-8.913738e-05	912.9572484493256
109	-428.75696	107.794716	-149.779	-698.8657	79.0	-166.8582	86.56598	7.375375	-291.21487	1100000	0.002290897	3711.1504	-1.7895713e-05	-758.5258	0.4733709	2.7701486e-05	921.4939229488373
110	-432.14374	107.312065	-214.85095	-673.18756	79.0	-170.55998	86.722046	4.572462	-292.0971	1110000	-0.011168637	3779.6743	-0.00014421553	-738.43835	0.4619006	5.118791e-05	929.5879454612732
111	-440.7221	107.43275	-206.35373	-705.4629	79.0	-178.23904	88.43918	3.7012205	-293.3775	1120000	-0.018132132	3353.3735	-0.00011721533	-513.04034	0.4651993	0.000109763634	937.6139736175537
112	-418.90414	98.95869	-215.23943	-738.0525	79.0	-177.33875	87.037346	11.818218	-294.6313	1130000	-0.00588585	3283.8782	-7.617567e-05	-493.20288	0.4524125	-2.275652e-05	945.7374188899994
113	-413.65738	102.718414	-157.87341	-651.41516	79.0	-170.18707	86.09807	8.931253	-295.32446	1140000	-0.026305415	2934.5015	-6.218115e-05	-490.432	0.46133894	7.211752e-05	953.9433481693268
114	-409.3306	105.03871	-172.94936	-628.44196	79.0	-166.91196	84.00832	8.865274	-295.67447	1150000	-0.019838758	3206.2542	-5.248119e-05	-645.1474	0.43000108	-6.447259e-05	962.2532737255096
115	-411.18726	113.11065	-137.53854	-726.2504	79.0	-164.67015	84.761505	5.9182043	-297.31613	1160000	-0.0030038264	3544.2998	-8.907699e-05	-697.7401	0.46536115	2.9607854e-06	970.265962600708
116	-416.61185	85.73496	-212.79935	-654.1992	79.0	-166.50012	83.84345	9.801008	-298.04514	1170000	0.0060592666	3035.3608	-8.904538e-05	-641.766	0.43906146	-1.991872e-05	978.9577329158783
117	-420.195	101.00557	-201.41617	-808.25183	79.0	-168.34282	84.152016	8.383915	-297.20584	1180000	0.005915822	3223.2131	-8.4747626e-05	-673.95526	0.43306234	7.226899e-05	987.3622748851776
118	-426.27417	115.54326	-106.82392	-724.88635	79.0	-164.81013	84.326904	5.6944737	-299.08078	1190000	-0.011832137	4288.79	-0.00012035837	-863.11414	0.44971734	-1.4571058e-05	995.3116011619568
119	-421.8821	108.07946	-195.3157	-723.905	79.0	-172.86874	88.91242	9.738148	-299.6014	1200000	-0.02300164	3878.9373	-0.0002518408	-684.62476	0.4683721	-8.794354e-05	1003.4193336963654
120	-434.6841	108.575745	-202.53317	-716.93115	79.0	-169.8938	86.74833	13.27795	-300.3395	1210000	0.006526864	4087.9963	-5.3521566e-05	-755.94403	0.45349187	5.4482683e-05	1012.022251367569
121	-413.08197	105.72035	-136.11966	-684.25446	79.0	-176.50034	89.72304	13.068669	-301.88235	1220000	0.008795296	3610.9963	-0.00021803426	-703.0225	0.47092706	1.0278163e-06	1020.6004047393799
122	-430.27454	113.24706	-178.37439	-698.45856	79.0	-171.02303	84.83275	9.866895	-302.53372	1230000	0.0016315561	4156.496	-8.6534536e-05	-956.6122	0.47362694	8.359893e-06	1029.171611070633
123	-435.64832	112.9599	-181.62921	-730.7908	79.0	-179.90855	91.192924	13.454357	-303.31696	1240000	0.0060722623	3810.7056	-0.00022022556	-751.86865	0.45773453	7.56772e-06	1038.6440296173096
124	-416.40286	106.20009	-178.54068	-681.7377	79.0	-178.85623	89.42608	14.497253	-305.13727	1250000	-0.06293861	3353.0073	-3.637845e-05	-675.937	0.46870464	6.2813415e-05	1047.2305388450623
125	-425.50665	110.58739	-141.34923	-812.5983	79.0	-168.02318	87.169876	12.203873	-304.87442	1260000	0.022482384	3691.163	-0.00017976109	-781.2046	0.4785843	7.982389e-05	1056.058223247528
126	-439.95352	108.50589	-143.5698	-640.8222	79.0	-175.43184	86.27065	12.497618	-306.2072	1270000	-0.027999453	3311.109	-8.6898915e-05	-570.14575	0.47739625	-4.435307e-05	1064.1961402893066
127	-429.79724	109.574326	-161.41844	-673.39856	79.0	-175.40399	90.41859	8.014868	-307.97498	1280000	-0.0050318968	3464.4065	-0.00030383613	-505.51508	0.4849317	0.0001552702	1072.4389381408691
128	-438.53387	107.22447	-221.31284	-875.49567	79.0	-172.99658	86.886536	7.793756	-307.8457	1290000	-0.005673634	3377.8975	-0.00014284812	-457.79028	0.4666867	-3.235778e-05	1080.5042569637299
129	-425.00174	103.58498	-171.63121	-694.71423	79.0	-177.40747	89.33287	10.941046	-310.1976	1300000	0.01377369	3304.7095	-0.00027021486	-491.95374	0.5123276	7.8627796e-05	1088.6909065246582
130	-416.77673	114.30739	-133.10776	-726.0477	79.0	-175.22276	86.64243	15.230225	-310.0126	1310000	-0.019445945	3705.021	-2.0214618e-05	-529.76013	0.5129442	0.00014302722	1097.0454378128052
131	-418.83136	103.50339	-189.73929	-660.30896	79.0	-172.18085	86.63221	8.434669	-309.3018	1320000	-0.0018640151	3324.9038	-0.00013362471	-629.67804	0.50959855	-1.6145299e-05	1105.2479298114777
132	-416.33157	115.69902	-194.61494	-736.67163	79.0	-170.19852	86.099266	10.905721	-310.45374	1330000	-0.0057349093	4103.4336	-0.00011241366	-1001.2026	0.5039556	7.405542e-05	1113.2912776470184
133	-432.69666	112.95039	-144.65529	-713.22095	79.0	-170.9728	85.20266	11.489361	-313.23727	1340000	0.010766586	3663.424	-0.00034371368	-517.70215	0.49179578	6.1281185e-05	1121.4211440086365
134	-431.9777	107.98312	-144.59909	-667.88525	79.0	-177.8192	88.93898	9.161715	-313.3371	1350000	-9.890925e-05	3500.3472	-5.545304e-05	-574.3399	0.52488506	-0.00017526073	1129.4972319602966
135	-424.09073	95.75622	-182.88673	-632.236	79.0	-173.80568	89.546455	9.129513	-314.05746	1360000	-0.005011753	3076.2075	-0.000120585784	-589.4769	0.5180792	-2.2490523e-05	1137.5729367733002
136	-440.92133	101.09413	-111.42697	-670.3103	79.0	-173.08487	86.84174	16.94455	-314.3582	1370000	-0.028726524	3402.249	6.621564e-05	-766.4472	0.5552829	-7.17206e-05	1145.657560825348
137	-419.89474	104.88532	-208.69812	-702.0836	79.0	-179.48436	91.29022	16.81373	-316.4148	1380000	-0.0009175651	3610.4631	-0.00013907976	-794.8947	0.5222501	2.6952595e-05	1153.780240058899
138	-431.7397	93.63225	-173.12767	-646.74896	79.0	-171.82507	84.07587	14.659203	-315.4009	1390000	-0.032584026	3132.547	-6.402517e-05	-741.4524	0.5440201	7.8455894e-05	1162.2625753879547
139	-430.34546	98.67846	-201.00377	-662.9187	79.0	-177.9432	88.682	8.62809	-316.3155	1400000	0.013207704	3707.7607	-0.00013828743	-900.87	0.53321594	9.374103e-05	1170.3603427410126
140	-415.525	96.68085	-179.4662	-676.4534	79.0	-175.48978	90.0192	17.517591	-316.34918	1410000	-0.011976927	3444.3105	-7.426576e-05	-967.3191	0.5154558	-6.827683e-05	1178.8985092639923
141	-424.56656	110.94043	-200.67706	-720.30707	79.0	-169.03503	88.87832	20.492489	-318.52	1420000	0.0025812658	3727.6753	-0.00010582991	-719.1037	0.51408476	0.00014280237	1186.8418102264404
142	-425.6092	106.76907	-182.8405	-685.0108	79.0	-177.1938	84.97212	15.342325	-317.6026	1430000	-0.036817405	3683.5186	-0.0002082903	-713.50995	0.4937832	5.712986e-05	1194.9302995204926
143	-413.19406	115.31174	-175.41945	-692.46344	79.0	-174.70465	89.25471	10.835022	-317.34885	1440000	-0.018888252	3454.2427	-0.0004174694	-547.9737	0.51693267	0.0001082524	1202.9959781169891
144	-406.74356	112.766525	-194.83736	-726.3534	79.0	-168.4611	85.11879	13.064711	-320.84885	1450000	-0.0040870346	3629.085	-0.00020865723	-799.0936	0.5006978	0.00024567364	1211.1382131576538
145	-409.527	110.84033	-221.88335	-684.7656	79.0	-164.64958	87.31622	22.188251	-320.22543	1460000	0.0060829804	3419.265	-6.2841806e-05	-566.8291	0.4607963	-9.90808e-05	1219.730968952179
146	-414.05212	113.85257	-163.51382	-691.51337	79.0	-169.0944	86.984856	9.293683	-323.04654	1470000	-0.00022865832	4074.275	-0.00018416764	-869.554	0.4890085	0.00023142596	1227.8795306682587
147	-411.82645	103.1152	-131.05148	-671.6661	79.0	-170.60829	85.62116	11.646856	-320.37698	1480000	-0.006355239	3439.2244	-0.00015642773	-510.53308	0.46734715	-2.6580876e-05	1235.846155166626
148	-428.48157	96.557365	-113.67413	-675.0785	79.0	-168.14983	84.97459	6.0182133	-315.7051	1490000	0.0029825584	3070.811	-6.2334584e-06	-630.53485	0.45025796	-0.00013805596	1243.9233334064484
149	-404.4162	98.89201	-197.07748	-667.86487	79.0	-176.04407	88.174286	17.633953	-321.72125	1500000	-0.0030037733	3209.08	-2.2868117e-05	-723.17944	0.4512915	1.10046985e-05	1252.0349531173706
150	-423.0509	103.24488	-180.46692	-689.02716	79.0	-166.43573	86.15439	8.990937	-313.11295	1510000	0.0058186874	3690.162	-8.6829066e-05	-788.98535	0.46900982	-3.5498968e-05	1260.1831238269806
151	-421.41052	107.56771	-151.24252	-832.3601	79.0	-175.9812	87.896034	20.381647	-324.62662	1520000	-0.0058421576	3438.7805	-4.1443156e-05	-760.9016	0.4543607	-1.720998e-05	1268.2140455245972
152	-432.17004	109.08532	-162.97371	-787.1335	79.0	-173.14345	86.70523	10.936481	-318.21323	1530000	-0.024565268	3506.9443	-3.582955e-05	-694.6027	0.4697556	-7.725426e-06	1276.529978275299
153	-421.52908	112.750084	-182.01242	-734.9395	79.0	-174.41472	90.484665	10.718602	-327.47052	1540000	0.0035931491	3853.1655	-0.00030040275	-825.31146	0.4671008	3.1637574e-05	1284.9477608203888
154	-419.43164	106.23556	-135.83636	-736.7586	79.0	-171.74976	88.76128	9.667116	-323.8803	1550000	-0.0062260954	3755.1401	-0.00011556689	-1020.14343	0.45517725	0.00019840454	1292.887106180191
155	-423.2062	109.51852	-135.87158	-869.13916	79.0	-170.82925	86.17394	8.22052	-331.63858	1560000	0.00055530295	3803.5173	-2.5232323e-05	-774.94995	0.45768285	4.1105224e-05	1301.0073454380035
156	-427.44193	113.41842	-164.4381	-781.15875	79.0	-179.8731	86.93354	7.751612	-331.51636	1570000	-0.035558306	3908.1677	-6.978586e-05	-745.7622	0.45604697	-1.9135627e-05	1309.0391385555267
157	-399.13086	111.94823	-188.41624	-731.21204	79.0	-172.98552	89.02105	26.048016	-330.1609	1580000	0.011433504	3946.5554	-0.00010724785	-924.5508	0.45230883	-9.938267e-06	1317.155395269394
158	-415.4836	99.727036	-166.77217	-686.7251	79.0	-162.7374	81.80265	4.0688024	-328.79376	1590000	-0.008723306	3387.32	-0.00014096737	-636.06854	0.44678238	5.4255142e-05	1325.2112147808075
159	-421.03873	98.36711	-187.16386	-736.8381	79.0	-172.71185	86.36124	10.6182	-328.57538	1600000	0.0012324229	3414.1318	-0.00012607267	-580.9801	0.45309708	7.9826495e-05	1333.3424353599548
160	-415.39844	99.71351	-158.02501	-650.9459	79.0	-173.83348	88.96715	5.211509	-335.20233	1610000	-0.021663379	3521.6133	-0.00018041785	-704.54	0.44707566	8.6221204e-05	1342.2939913272858
161	-410.65237	95.395	-186.27524	-629.76056	79.0	-169.41182	88.35591	20.528503	-331.41074	1620000	0.007905684	2839.4355	-3.3455435e-05	-479.65222	0.4502948	-6.191789e-06	1350.4215869903564
162	-408.10382	99.9421	-200.8324	-687.40955	79.0	-169.48946	84.2886	15.789947	-329.43115	1630000	-0.01864551	3584.0361	-8.664664e-05	-969.1772	0.44692162	4.7180692e-05	1358.4664828777313
163	-415.88977	108.100876	-146.58183	-692.2759	79.0	-168.53392	86.8806	9.05896	-334.92996	1640000	-0.0123771485	3875.4531	-0.0001750295	-917.80597	0.46040392	9.637962e-05	1366.7994136810303
164	-409.39996	92.824875	-165.15309	-629.42944	79.0	-169.79852	90.71137	11.905366	-324.84442	1650000	-0.016768888	3362.0679	-0.00022385293	-594.5494	0.4683408	0.00013545042	1374.8764622211456
165	-420.37894	110.779335	-193.92622	-662.5783	79.0	-166.22556	85.14007	11.178371	-315.40622	1660000	0.007223214	4015.9998	-9.708409e-05	-860.63995	0.44403037	0.00011098734	1383.0124242305756
166	-417.432	100.02365	-205.79414	-701.3698	79.0	-169.25967	86.907814	18.681225	-326.2777	1670000	-0.0057820277	3439.6428	-5.3845346e-05	-882.91364	0.43295994	-5.43421e-05	1391.0117876529694
167	-430.61667	118.770065	-152.92009	-677.3205	79.0	-170.41441	88.1481	11.242204	-331.89764	1680000	0.012304496	4013.051	-0.00010586949	-892.0959	0.46231326	4.862152e-05	1399.2523791790009
168	-423.9426	104.80699	-187.4817	-705.2467	79.0	-177.39595	88.9571	3.1653695	-330.5488	1690000	0.009235446	3632.4119	-0.00025969278	-827.3073	0.4093155	0.0001335847	1407.2001776695251
169	-416.44864	112.3617	-125.451996	-740.6456	79.0	-174.95113	86.815834	7.426163	-336.36526	1700000	-0.033684563	3781.6306	-0.0001525036	-817.1569	0.4306585	0.00010236277	1414.8875381946564
170	-422.28394	116.43676	-172.19632	-728.41345	79.0	-169.59055	89.00959	7.5279374	-333.90533	1710000	0.005921451	3935.034	-5.8327336e-05	-727.0352	0.45777336	4.6686862e-05	1422.739174604416
171	-412.9094	97.32429	-107.09609	-685.9424	79.0	-172.68167	87.44884	7.3661137	-335.32617	1720000	-0.026734574	3357.2334	-0.00014621188	-740.7838	0.44232172	7.864016e-05	1430.52938914299
172	-427.99142	111.145805	-164.91547	-762.811	79.0	-169.516	87.82309	7.1111345	-330.5407	1730000	0.024504405	3889.4492	-0.000121864025	-764.4023	0.4500423	-7.599975e-05	1438.306705713272
173	-414.01886	94.587524	-158.19914	-656.2469	79.0	-177.3656	89.1862	10.249374	-340.04196	1740000	-0.0035918374	3275.7104	-8.911989e-05	-818.84216	0.42640334	9.62341e-05	1446.1833181381226
174	-422.2357	101.99957	-172.79619	-675.1398	79.0	-171.11559	88.9847	18.52109	-331.69363	1750000	-0.005210981	3714.9958	-5.6779943e-05	-866.385	0.45463264	0.00011017509	1454.018593788147
175	-411.88892	99.708115	-178.13269	-653.5147	79.0	-170.18393	89.89435	1.869523	-334.91873	1760000	-0.006347276	3781.853	-0.00020831298	-1332.4609	0.46820778	4.489437e-05	1462.2737562656403
176	-390.51666	100.95238	-195.24892	-660.14813	79.0	-167.5857	85.97623	8.831121	-330.94272	1770000	0.0016484633	3990.1143	-0.00016058702	-1142.8154	0.46975586	-7.6339194e-05	1470.5353808403015
177	-422.78552	105.81559	-204.92229	-673.8696	79.0	-163.0695	82.82255	13.248919	-314.31128	1780000	-0.00094968546	4096.536	-8.816132e-05	-796.42255	0.46420574	6.930189e-05	1478.375598192215
178	-422.65784	105.965775	-199.13147	-673.0867	79.0	-176.36603	90.09111	11.506123	-331.48718	1790000	-0.014381651	3722.7825	-3.1097792e-05	-695.06085	0.48843527	2.6894202e-05	1486.3700914382935
179	-424.90082	110.70728	-189.84769	-733.42126	79.0	-179.70956	89.01923	9.615909	-334.11935	1800000	0.0056303414	3774.515	-9.10298e-05	-916.1959	0.45467108	0.00017816742	1494.2508780956268
180	-427.98633	98.04957	-227.87651	-666.73895	79.0	-179.15402	90.884056	13.530766	-342.96826	1810000	-0.025930723	3323.8262	-0.00010811514	-775.7234	0.48765728	8.8599234e-05	1503.301198720932
181	-420.47626	100.73955	-153.94716	-677.23456	79.0	-173.35938	89.15577	9.942727	-327.95712	1820000	-0.009308448	3374.0166	-0.00013457448	-777.8628	0.48491013	4.5754306e-05	1511.2566730976105
182	-416.24258	101.7002	-138.91818	-686.5793	79.0	-174.75838	86.9451	5.9172316	-330.4083	1830000	-0.022219542	3381.1172	-0.00015093421	-685.6265	0.49214166	0.00013088432	1519.72145485878
183	-426.99045	97.454605	-220.39368	-672.6287	79.0	-169.29767	87.532	12.089775	-324.594	1840000	0.004468905	3510.189	-0.00014124997	-971.30347	0.51145005	-0.00015440758	1527.7457084655762
184	-410.89966	100.12456	-134.33798	-672.0	79.0	-174.1402	90.37568	9.85267	-347.06827	1850000	0.029971331	3374.102	-8.770643e-05	-883.054	0.48972765	0.00019229116	1535.6947367191315
185	-419.98788	94.4029	-171.20174	-661.8682	79.0	-172.91306	87.95761	9.465556	-330.81183	1860000	-0.029840745	3272.681	-0.00020521996	-872.9453	0.49583474	0.00011786162	1544.1149408817291
186	-428.24225	104.484566	-175.74475	-689.1154	79.0	-174.7928	90.01464	6.7507353	-354.72546	1870000	-0.0147806415	3728.0708	-0.0002787218	-800.6839	0.50846446	5.105686e-05	1553.0033631324768
187	-418.49423	99.571724	-180.42593	-688.3326	79.0	-173.85545	90.18761	13.339793	-338.66565	1880000	0.02297312	3328.5598	-0.00016943761	-843.8423	0.5159342	-0.00017691392	1562.046095609665
188	-419.14853	114.03994	-144.0191	-676.15466	79.0	-173.74135	88.0483	10.728767	-336.62344	1890000	-0.010467388	4413.276	-0.00040803617	-1050.3242	0.5275263	-7.6440105e-05	1570.577981710434
189	-405.684	107.736916	-197.43834	-729.2724	79.0	-171.0665	90.60571	13.73122	-332.69775	1900000	0.017367136	3892.122	-0.000100442674	-898.05347	0.52683794	-5.0368402e-05	1580.6519198417664
190	-425.11456	101.78087	-245.5169	-681.611	79.0	-170.32875	86.30058	21.89671	-323.46982	1910000	-0.024278928	3409.2905	2.538308e-05	-831.6811	0.5128105	7.5328724e-05	1589.4278964996338
191	-417.2523	106.976425	-155.53407	-664.91095	79.0	-173.95828	88.863075	17.430798	-337.92502	1920000	-0.009686569	3779.022	-7.998664e-05	-940.8452	0.54181826	2.4742501e-05	1597.938331604004
192	-422.80646	98.820946	-193.29869	-634.0533	79.0	-172.13005	88.22425	15.342939	-329.50098	1930000	0.0066572763	3428.3193	-0.0002717774	-655.26715	0.53259885	3.4721186e-05	1606.2789099216461
193	-419.64352	99.28813	-152.78777	-631.30817	79.0	-177.81247	86.98672	8.960864	-336.68082	1940000	0.008888368	3360.538	-0.00021292595	-719.9759	0.5558354	6.94004e-05	1614.864981174469
194	-414.46402	109.73019	-172.2021	-696.7661	79.0	-174.60878	86.93338	17.758059	-321.18683	1950000	-0.027245268	3608.2659	-0.00024231942	-952.3123	0.5398284	0.00015556559	1623.0953328609467
195	-420.3282	106.25987	-182.64818	-717.79706	79.0	-172.79526	90.92284	27.063066	-344.62234	1960000	-0.03653305	3878.2307	-0.00035810657	-954.82056	0.54706544	0.00015337279	1632.0682241916656
196	-410.42004	106.84976	-162.69116	-677.2223	79.0	-170.85854	92.52864	16.989006	-335.35007	1970000	0.045823585	3746.0327	-0.0003888728	-812.5678	0.52872556	0.0006868316	1641.0239052772522
197	-407.55078	89.60738	-221.63411	-635.6036	79.0	-169.64078	84.407974	23.965782	-337.02884	1980000	-0.025558637	3094.87	5.54109e-05	-844.9912	0.5827868	4.285646e-05	1649.8145787715912
198	-427.51102	110.1891	-177.00974	-724.35297	79.0	-168.93788	86.210396	9.8064	-324.24615	1990000	-0.014196051	4024.1301	-0.00011235499	-1116.5642	0.5942059	5.4468153e-05	1658.4054954051971
199	-406.84427	98.86575	-214.38832	-650.49036	79.0	-176.5063	90.47848	14.044212	-342.24146	2000000	-0.053184252	3378.5745	-1.6528182e-05	-941.9749	0.6103495	-5.6788413e-05	1666.8847696781158
200	-413.05493	103.14223	-199.49243	-645.1052	79.0	-165.31717	89.47736	9.063858	-332.0854	2010000	-0.0017282078	3330.407	-0.00016652653	-679.2498	0.5799619	-1.1204815e-05	1675.6986498832703
201	-422.67484	105.30296	-189.77977	-727.0359	79.0	-170.84343	88.91912	14.945194	-327.06418	2020000	0.00267924	3475.9976	-9.247125e-05	-885.8771	0.62611437	2.8009705e-05	1683.9455425739288
202	-419.6481	105.229485	-168.63817	-644.8705	79.0	-177.2545	89.03139	13.06735	-332.5023	2030000	-0.022658627	3727.6611	-0.00015600631	-1001.63367	0.625144	2.2756929e-05	1692.7131078243256
203	-410.99088	104.28748	-187.04369	-658.92224	79.0	-174.37903	91.03482	13.396677	-340.22684	2040000	0.004952757	3159.7256	-0.00025211935	-560.5399	0.62014276	8.721551e-05	1701.5331594944
204	-414.5146	112.821075	-147.18594	-802.3399	79.0	-172.21886	87.5581	22.887655	-334.16058	2050000	0.0037360173	4019.0237	-0.0002058387	-708.28925	0.57487786	7.9570884e-05	1710.0734210014343
205	-426.6414	110.41165	-145.10771	-657.3313	79.0	-171.27156	88.70445	14.685297	-326.76947	2060000	-0.019600715	3848.1255	-0.00035429932	-929.50836	0.58903676	3.7567253e-05	1718.6239309310913
206	-416.40613	94.66758	-205.59315	-669.08826	79.0	-178.02368	90.94642	15.917809	-335.29886	2070000	-0.0115975775	3410.4448	-0.00015488174	-920.616	0.6085874	9.119076e-05	1726.7915086746216
207	-400.4001	108.15643	-144.07205	-676.9202	79.0	-173.5454	86.31271	20.610058	-321.83188	2080000	-0.022648241	3511.311	-0.00048239063	-785.2393	0.58016926	3.4940065e-05	1735.2677264213562
208	-396.85126	92.21607	-138.52693	-618.5407	79.0	-168.4913	85.98341	13.930255	-335.5676	2090000	0.010674384	3221.7124	-0.00014809659	-758.88763	0.60781956	0.00023305597	1743.6274089813232
209	-421.7049	105.91149	-192.34966	-680.02454	79.0	-166.9969	83.91969	18.534622	-336.22604	2100000	-0.030088475	3556.4194	-0.00035957154	-787.60077	0.5855642	0.00013488585	1751.9912428855896
210	-412.07175	89.811165	-194.56529	-659.919	79.0	-177.12558	90.0539	16.152447	-347.9968	2110000	-0.0051096566	3068.7344	-0.00034634862	-710.7267	0.535436	0.00010782092	1760.811312198639
211	-407.30954	107.20172	-125.553314	-669.7047	79.0	-172.16513	86.95739	13.025446	-340.98822	2120000	-0.008452579	3723.5764	-0.00023400167	-893.75385	0.5596346	0.0001774434	1769.160686969757
212	-419.04062	97.52484	-194.7458	-705.40247	79.0	-171.54225	90.997246	20.001745	-356.8143	2130000	-0.0042944476	3963.437	8.519273e-06	-1124.8567	0.54199517	0.00016151665	1777.504025220871
213	-421.534	101.69162	-113.485374	-642.5785	79.0	-173.99973	89.35344	12.863855	-340.18817	2140000	-0.017238291	3584.2266	-0.00043484056	-774.2055	0.55126214	0.00032034755	1785.7882132530212
214	-403.0483	103.29242	-152.57724	-707.2814	79.0	-172.66547	88.366646	12.190306	-340.23853	2150000	-0.004095395	3369.7495	-0.00011032238	-879.68805	0.50649047	0.00018127184	1794.0806469917297
215	-414.63754	107.92096	-191.12332	-687.1598	79.0	-166.09517	83.55005	10.132793	-345.26123	2160000	0.02050516	3896.5166	-3.804313e-05	-1029.2065	0.51478094	-1.5371646e-05	1802.2277116775513
216	-416.31598	100.73619	-159.87274	-677.6327	79.0	-175.44153	88.5336	14.986696	-330.12582	2170000	-0.025722444	3374.6216	-0.00019738742	-712.06525	0.4891218	2.9760486e-06	1810.659271478653
217	-403.86932	103.50148	-172.85086	-673.8026	79.0	-174.84258	87.462715	7.8981385	-343.83704	2180000	-0.016013086	3538.2458	-0.00015073596	-928.36194	0.47461373	0.0003189874	1819.8450329303741
218	-419.30878	96.778854	-186.89354	-675.0022	79.0	-167.25308	86.56248	5.4504633	-337.03983	2190000	-0.016539842	3747.3525	-0.00026630214	-1088.9221	0.49096555	0.0002973589	1828.1870231628418
219	-398.12268	95.7171	-159.7294	-655.9251	79.0	-174.4697	88.994316	12.72163	-335.04443	2200000	-0.026055545	3098.188	-0.0004412611	-777.94696	0.49223703	-6.7829635e-05	1836.5525047779083
220	-420.9964	104.46368	-130.93202	-641.15967	79.0	-163.74007	84.71268	13.54039	-332.73538	2210000	-0.016972262	4047.4932	-0.00015484304	-1211.3702	0.4931296	0.0005969892	1845.7183902263641
221	-431.33618	100.107	-219.2174	-655.15814	79.0	-173.407	88.8045	19.013935	-333.7564	2220000	-0.010266464	3632.7246	0.000105433166	-900.1472	0.49753705	0.00027434318	1853.8604559898376
222	-397.31387	104.52722	-164.30446	-667.131	79.0	-180.65828	93.17573	10.605732	-336.89798	2230000	-0.0006913468	3894.119	-0.00012392504	-895.514	0.46121868	0.00010953914	1861.8927178382874
223	-402.8129	108.3632	-179.15456	-729.42053	79.0	-165.08789	84.24002	10.532732	-326.70035	2240000	-0.030318499	3563.4893	-0.00024243165	-822.2317	0.4598236	0.0002728384	1869.963978767395
224	-425.34338	95.84459	-218.95944	-718.5843	79.0	-170.12778	89.23877	12.219352	-350.43552	2250000	0.024774916	3902.1643	-4.628254e-05	-1131.1765	0.47946322	0.00013513077	1878.9828307628632
225	-416.30222	97.21202	-182.04445	-639.01373	79.0	-174.68501	88.79251	8.939601	-319.15186	2260000	-0.01598089	3337.4868	-3.112064e-05	-642.99243	0.4731022	0.00011048469	1887.4596462249756
226	-386.84232	114.885704	-175.2553	-659.5881	79.0	-172.60014	85.664566	15.318214	-322.07745	2270000	-0.018273441	3960.6123	-5.7551544e-05	-905.94666	0.4258489	-4.7469788e-05	1895.8822274208069
227	-408.68774	91.55971	-217.91652	-613.223	79.0	-160.40558	85.406624	17.317392	-348.9091	2280000	-0.0051127654	3084.4392	-0.00030230184	-620.92865	0.44726035	3.371553e-05	1903.9862830638885
228	-411.08664	104.5959	-172.2533	-686.8767	79.0	-171.51724	88.17015	9.496291	-320.6766	2290000	-0.010634925	3502.498	-0.0001394325	-607.38104	0.46991035	-0.00017130723	1912.1652460098267
229	-422.01184	93.683464	-186.38963	-655.9373	79.0	-170.94266	85.81252	16.03886	-317.76617	2300000	-0.017326178	3211.5156	-0.00022551836	-630.7462	0.46096966	7.7503544e-05	1920.3696269989014
230	-409.8677	99.27226	-188.5241	-638.4507	79.0	-174.6784	88.40524	13.452209	-317.1649	2310000	0.004914611	3289.2783	-0.000759896	-545.6323	0.46386367	0.00023849057	1928.5474927425385
231	-416.34564	99.96216	-168.40118	-640.11206	79.0	-172.41945	86.33489	13.227845	-321.95013	2320000	-0.030110078	3616.1475	-0.00021937862	-907.50757	0.46689317	0.00023828982	1937.3666622638702
232	-408.88983	114.0704	-131.8932	-717.85913	79.0	-171.85574	90.465645	25.237198	-340.94614	2330000	-0.011469383	4096.2896	-0.00020008534	-820.05084	0.4844346	0.000116993164	1945.9369943141937
233	-404.15625	106.01107	-128.19568	-657.8134	79.0	-170.7318	88.10101	11.182643	-313.6463	2340000	0.02357164	3846.8274	-0.00033845892	-769.18744	0.45277667	0.0006342577	1954.34730052948
234	-414.99973	109.47628	-126.12429	-650.6571	79.0	-169.41827	85.902016	13.194697	-335.56552	2350000	-0.01938206	3724.4016	-0.0002392244	-775.6559	0.4667762	0.00027178737	1963.0341272354126
235	-395.87302	109.78036	-145.74052	-657.6459	79.0	-172.7882	87.473404	18.891623	-329.57452	2360000	-0.008982693	3687.4878	4.4724904e-05	-710.80743	0.47469848	6.365925e-05	1971.420037984848
236	-417.1743	106.79464	-127.031	-710.3667	79.0	-169.8323	82.465744	16.427946	-305.62268	2370000	-0.025909102	3480.0632	-0.00021591363	-603.13776	0.4885127	7.059049e-05	1979.563128232956
237	-410.6388	102.9506	-191.19366	-708.22455	79.0	-176.46205	91.018364	15.215462	-328.79095	2380000	-0.010168288	3473.9653	-0.000108910026	-650.0829	0.4660018	0.00016354589	1987.6789209842682
238	-402.161	106.70651	-160.15825	-743.44855	79.0	-170.49641	88.9856	21.100748	-337.2164	2390000	0.014639592	3833.7559	-0.00016747788	-836.71576	0.47988063	0.00034346615	1996.3840487003326
239	-415.27444	108.00798	-185.81773	-733.1462	79.0	-173.83742	85.44591	25.949627	-311.05847	2400000	-0.01612722	3959.784	-0.00016346807	-678.35596	0.4841649	0.00014179488	2005.1893277168274
240	-412.81207	103.88831	-194.11568	-673.4821	79.0	-177.5636	87.534424	14.663948	-327.16068	2410000	-0.020995907	3450.213	-0.00010420289	-598.4899	0.5123299	0.0002138141	2014.2112174034119
241	-410.7662	104.66316	-184.76353	-752.5646	79.0	-173.93977	87.57706	13.073616	-330.4848	2420000	-0.027725331	3611.8481	-0.00017736573	-823.1025	0.48819193	0.00017222119	2022.8080265522003
242	-406.71918	98.47187	-104.73809	-606.92786	79.0	-172.32758	91.03808	6.455669	-326.34174	2430000	-0.029316822	3010.691	-0.00017225054	-664.10834	0.5235321	0.0001500822	2031.1029002666473
243	-405.16867	97.24916	-169.24829	-688.623	79.0	-169.37845	84.52393	36.648136	-317.23	2440000	-0.020714354	3269.3887	-0.0001717977	-540.4154	0.49402785	1.1708467e-05	2042.4001574516296
244	-405.28635	103.20082	-172.1613	-642.6586	79.0	-171.04016	87.96279	17.857735	-315.4237	2450000	-0.03343268	3397.954	-0.00017234543	-717.5894	0.4678947	-2.4485304e-05	2052.651054382324
245	-414.04004	101.25523	-133.24323	-719.1439	79.0	-169.12088	85.10015	11.793095	-340.84113	2460000	-0.04090125	3627.2358	-0.00027127843	-895.456	0.49955922	0.0001793231	2062.0788350105286
246	-413.72787	107.1104	-175.12541	-703.9081	79.0	-172.55865	86.27698	16.063755	-344.6978	2470000	0.0024661925	3993.35	-0.00023898366	-915.8217	0.47026724	8.274511e-05	2072.0773668289185
247	-396.28876	97.497765	-175.52551	-595.8716	79.0	-175.92888	87.0385	18.761028	-312.40112	2480000	-0.026925053	3321.8457	-0.00016974247	-631.83203	0.5043415	0.00018718652	2083.0429289340973
248	-420.9687	96.369774	-202.5217	-679.6094	79.0	-168.19044	84.50794	9.309704	-305.25577	2490000	-0.02658317	3252.08	-7.9820864e-05	-658.10406	0.4967879	0.00013840101	2093.272121667862
249	-396.8234	108.39909	-168.12047	-615.51324	79.0	-178.31248	88.67832	11.660337	-327.89563	2500000	-0.014259101	3956.0737	-0.00017876364	-886.70496	0.4822048	0.00013045131	2102.9427378177643
250	-407.36877	102.012924	-184.53702	-645.42316	79.0	-165.77368	86.44281	13.156251	-311.09106	2510000	-0.022959463	3639.9875	-0.00024404353	-769.4906	0.48667827	5.0457427e-05	2113.018528699875
251	-391.0821	104.321625	-165.699	-664.41376	79.0	-173.424	85.303024	14.538755	-320.31998	2520000	-0.03392878	3642.1626	-0.00025678007	-733.88806	0.4538053	2.7368325e-05	2122.4528036117554
252	-395.7033	87.776085	-169.52338	-629.6014	79.0	-166.8886	84.76981	10.957085	-316.94717	2530000	0.025882758	3053.7632	-0.00011728611	-693.199	0.47775793	3.386905e-05	2130.9726469516754
253	-411.02863	102.32308	-177.98103	-671.3856	79.0	-171.88402	85.02896	22.420967	-304.08243	2540000	-0.030688541	3963.7065	-0.00027029216	-863.2706	0.45999873	0.0001239215	2139.1972942352295
254	-409.1965	103.04251	-179.46257	-704.08417	79.0	-176.1893	87.32903	10.231043	-318.12238	2550000	-0.013059996	3278.3726	-0.0001574955	-584.59674	0.49056512	7.1200935e-05	2147.636032819748
255	-409.0714	99.57311	-113.019485	-622.48444	79.0	-174.01945	86.90008	12.5767975	-326.78604	2560000	-0.026820308	3357.1963	-7.304875e-05	-657.4792	0.49153864	-1.1680023e-05	2155.959812641144
256	-396.95856	96.512505	-205.19917	-655.3376	79.0	-172.95291	87.85994	17.806683	-342.01852	2570000	0.022073675	3146.0337	-8.591078e-05	-548.82227	0.44939256	1.5826827e-05	2164.3021166324615
257	-409.72327	100.586235	-184.19405	-660.2143	79.0	-169.70602	85.35831	23.963274	-340.3664	2580000	-0.0066973288	3714.6343	-5.384005e-05	-986.0536	0.47047085	8.742041e-05	2172.359674692154
258	-412.32425	100.03917	-168.9231	-642.4654	79.0	-175.24385	90.20321	13.708593	-333.23526	2590000	-0.030359827	3185.6694	-0.00016306323	-717.737	0.46363756	2.6084212e-05	2181.36368227005
259	-394.75256	93.24141	-182.00356	-620.8828	79.0	-172.09924	89.444916	20.201653	-358.09436	2600000	0.007615648	3288.6306	-0.00019794283	-743.3258	0.46963418	5.505215e-05	2189.726757287979
260	-404.2639	98.24752	-158.59108	-624.0005	79.0	-166.38428	84.56194	19.551264	-318.3391	2610000	-0.024332738	3383.4653	-0.00013524387	-750.0711	0.45527077	7.0322094e-06	2199.75493311882
261	-403.71408	91.13339	-214.28714	-714.86884	79.0	-169.26909	87.040855	12.894857	-323.90268	2620000	0.01949111	3414.5747	-0.00018384308	-871.69727	0.4634753	-5.6402198e-05	2208.2115366458893
262	-403.30676	98.1214	-117.96367	-631.1113	79.0	-173.14137	84.47857	17.742271	-331.36096	2630000	-0.03904469	3078.1897	-0.00023732637	-678.86346	0.47577003	5.2904026e-05	2216.4111275672913
263	-410.60318	91.76467	-154.91495	-615.8875	79.0	-171.99327	89.23428	26.665348	-337.11362	2640000	0.009013783	3385.4556	-0.00013426413	-937.0112	0.48929736	0.00020772708	2224.548568248749
264	-407.28378	105.00916	-193.69576	-674.65826	79.0	-173.5647	86.89676	4.5209785	-339.0	2650000	-0.015203488	3474.9783	-0.00028368377	-800.79974	0.50074995	0.00012834268	2232.518675804138
265	-414.20715	104.11609	-219.56876	-669.64	79.0	-171.68774	88.99584	7.9607	-334.2742	2660000	-0.01974943	3854.9172	-2.3917295e-05	-812.41595	0.48706156	-1.4735199e-05	2242.02920627594
266	-405.01257	97.07719	-196.80484	-629.3185	79.0	-173.12752	87.78824	13.529032	-324.46222	2670000	-0.021808427	3496.961	-5.2197836e-05	-827.4518	0.47606856	2.3058266e-05	2250.244469642639
267	-397.43982	98.87065	-166.42838	-635.86273	79.0	-173.97313	88.13423	16.752943	-336.13568	2680000	-0.020498134	3681.416	-0.0001941123	-799.70764	0.4867705	0.00015311303	2258.6612346172333
268	-388.58044	101.37514	-148.36111	-686.7913	79.0	-169.13982	89.22285	9.998284	-333.98468	2690000	-0.0059640193	3458.0098	-0.00013518595	-716.6647	0.4841189	5.5485816e-05	2267.4040229320526
269	-418.82983	99.69253	-213.91124	-645.47723	79.0	-167.1916	84.114525	10.85821	-315.68826	2700000	-0.040784925	3701.5464	-0.00047028146	-1178.4465	0.45214328	0.00020415924	2275.7805898189545
270	-409.59158	95.30408	-194.78714	-662.9897	79.0	-178.63266	95.5	20.360762	-352.9892	2710000	-0.011073599	3782.8816	-0.00015047006	-1335.4226	0.49056268	0.00038795813	2285.9017050266266
271	-419.73575	98.89484	-208.59103	-675.8996	79.0	-171.05458	91.84699	16.939434	-337.79135	2720000	-0.035693757	3873.296	-2.9495102e-05	-1305.7598	0.49052808	0.000107098596	2294.9823966026306
272	-393.25516	104.64923	-179.27174	-693.43805	79.0	-178.25224	92.42707	20.954506	-335.2435	2730000	0.00014569936	3969.3843	-0.00037325965	-1103.4962	0.47772598	9.604967e-05	2303.5534298419952
273	-406.72165	105.95741	-112.38352	-704.6712	79.0	-164.6794	82.3586	9.402446	-315.286	2740000	-0.023776779	3851.1667	-0.00067865057	-864.6506	0.5044758	0.00078241935	2311.798643350601
274	-410.045	97.537025	-199.14859	-724.9178	79.0	-172.71878	88.8833	11.338367	-341.11523	2750000	-0.0007665395	3326.4795	-0.0001749834	-694.54004	0.4378893	-0.00022560371	2320.393661737442
275	-418.03098	99.76149	-197.51862	-632.6216	79.0	-171.76375	88.218475	21.0465	-345.58698	2760000	-0.0037607327	3501.628	-0.0007851699	-804.6227	0.4720375	0.00087343086	2328.6951541900635
276	-418.75867	97.49524	-200.55307	-647.71387	79.0	-179.1949	89.8466	10.3256035	-344.24417	2770000	0.017597169	3707.7415	-2.5869813e-06	-1005.7855	0.4441809	1.0299409e-05	2336.8988687992096
277	-400.7999	101.10851	-103.767494	-689.996	79.0	-178.74014	91.64345	14.504911	-335.92764	2780000	-0.038644046	3888.659	-0.00015266566	-1117.0627	0.4134316	0.0005913972	2345.3162841796875
278	-393.29642	107.61075	-183.88467	-732.2966	79.0	-170.15973	85.698456	13.209716	-326.37952	2790000	0.015180879	3749.4485	-0.0002620261	-758.8606	0.46191877	0.00055088475	2353.666032075882
279	-414.46262	105.593864	-164.4828	-696.89545	79.0	-166.67972	81.851875	12.346607	-332.7515	2800000	-0.008520329	3836.2769	1.2240722e-05	-962.87	0.4731979	-0.0001935757	2362.2017273902893
280	-404.15952	112.36302	-174.89476	-683.21484	79.0	-180.00287	89.841385	11.970076	-333.71948	2810000	-0.004422404	3911.1074	6.541051e-05	-835.1507	0.44633728	0.00028757052	2371.137487411499
281	-414.90485	112.65203	-143.29063	-647.0112	79.0	-175.19049	86.01032	25.69075	-339.70517	2820000	-0.02188785	4146.374	-9.225309e-05	-1085.2349	0.42723173	0.00010640815	2381.048996925354
282	-400.88364	99.61302	-204.9137	-670.48083	79.0	-173.96576	89.7079	10.324064	-330.01663	2830000	-0.040348962	3569.085	-0.00013639033	-835.2275	0.44767252	7.177937e-05	2389.588590145111
283	-416.2008	105.09205	-114.07533	-650.3474	79.0	-171.1257	85.65266	21.563238	-326.09503	2840000	-0.021616856	3957.0054	-0.00026082096	-749.56824	0.44324377	5.650949e-05	2398.0373532772064
284	-403.50555	95.34865	-124.64102	-694.6888	79.0	-174.07802	91.73639	10.169882	-347.74802	2850000	-0.0058123725	3295.628	-0.00016872073	-703.3214	0.4167736	5.863073e-05	2406.313920736313
285	-412.74634	109.77652	-173.38441	-661.86896	79.0	-168.99042	85.67026	25.290558	-331.21005	2860000	0.0064160763	3824.4885	-0.00012352104	-810.50793	0.42473567	7.116396e-05	2414.608009815216
286	-397.54578	101.733086	-156.09901	-608.5538	79.0	-172.38922	86.37528	12.102249	-324.5324	2870000	-0.009334253	3462.4062	-4.3696025e-05	-688.6404	0.43162438	0.00023107494	2423.364691257477
287	-401.29114	111.20957	-110.844505	-698.6352	79.0	-171.49265	86.43002	16.965675	-328.49515	2880000	-0.0021119304	3614.3162	-0.0003201929	-646.22485	0.41821113	0.00018701662	2432.651174068451
288	-397.34293	105.553665	-168.37762	-701.6725	79.0	-166.53018	84.125175	16.56114	-340.432	2890000	-0.015725305	3527.8188	-0.0001877232	-719.85785	0.42055824	0.00015563503	2441.1778116226196
289	-412.0465	94.13909	-199.56377	-654.89325	79.0	-170.8857	84.1438	8.319953	-322.88733	2900000	0.020841235	3804.8582	-5.7290308e-05	-1124.0851	0.39475533	-9.741371e-05	2452.9914045333862
290	-393.96457	102.78139	-147.92294	-696.5973	79.0	-170.09465	88.54885	15.80222	-331.5277	2910000	-0.020009253	3876.609	6.231261e-05	-1043.0143	0.3875839	-8.625923e-05	2463.2024817466736
291	-400.98978	100.93678	-173.45975	-639.34906	79.0	-166.38605	85.39797	15.7925205	-345.30997	2920000	0.023920737	3568.8833	-9.721331e-05	-733.36945	0.4120317	-1.8910287e-06	2472.695871114731
292	-396.61737	111.55189	-172.39186	-728.9999	79.0	-165.30707	86.55847	23.216167	-341.45383	2930000	-0.01576997	3896.7449	-0.00016595202	-1067.908	0.40001088	8.88813e-06	2481.745419740677
293	-404.33087	106.14842	-137.2196	-705.8051	79.0	-171.79187	86.913536	19.8523	-339.53583	2940000	-0.010167551	4403.63	-0.0005019376	-1024.4174	0.40194416	3.697034e-05	2490.052145719528
294	-405.10706	108.9288	-116.7033	-727.3028	79.0	-172.43683	87.65795	19.288498	-324.84985	2950000	-0.028133202	3696.056	-0.00022185873	-742.45026	0.41756856	0.00018524611	2498.750431537628
295	-413.06406	110.424194	-143.38068	-728.52167	79.0	-170.4135	87.930374	9.302748	-333.46228	2960000	-0.019957934	4001.438	-0.0002556586	-934.77124	0.40040135	0.00016902958	2507.020067214966
296	-409.8295	101.29506	-222.64285	-742.5073	79.0	-173.38007	89.29306	4.7726245	-336.78232	2970000	-0.015404686	3669.5105	-0.00012671389	-976.4352	0.39011753	0.00013246018	2515.385778427124
297	-410.27432	90.804245	-194.79747	-706.97375	79.0	-173.19403	87.07937	8.535238	-328.5256	2980000	0.024879642	3210.593	-0.00028787466	-541.46075	0.42550856	9.134646e-05	2524.121661901474
298	-400.92966	100.88127	-174.882	-665.1176	79.0	-174.42378	85.842514	10.095325	-314.56244	2990000	-0.01361019	3561.156	-0.00045727822	-565.3768	0.42615747	0.0003722792	2532.6463074684143
299	-397.2018	98.794365	-184.17412	-656.8326	79.0	-171.68349	85.80754	8.398849	-306.56882	3000000	0.030207591	3467.8198	-0.00044402806	-601.54694	0.40233266	0.00030142197	2542.133490562439
