Epoch	AverageEpRet	StdEpRet	MaxEpRet	MinEpRet	EpLen	AverageVVals	StdVVals	MaxVVals	MinVVals	TotalEnvInteracts	LossPi	LossV	DeltaLossPi	DeltaLossV	Entropy	KL	Time
0	-492.05048	61.46893	-317.2197	-641.74994	79.0	-0.94209045	0.5170598	0.10320748	-2.4821773	10000	0.054409906	52587.926	-0.0027387522	-5626.4434	1.1150262	0.0014546561	11.315842390060425
1	-472.04218	63.75664	-317.3927	-607.50214	79.0	-15.220825	0.4409772	-10.714747	-15.380188	20000	0.028590906	43754.86	-0.0017635454	-2001.2607	1.1207843	0.000377243	20.073400259017944
2	-468.92825	61.012486	-232.81262	-629.5015	79.0	-20.862732	0.2787573	-17.01045	-20.938713	30000	0.036292613	41079.71	-0.0018946549	-1791.9883	1.1306025	0.0007102974	33.1492133140564
3	-469.9452	62.9015	-297.71527	-630.36914	79.0	-26.051626	0.56416315	-16.982582	-26.154066	40000	0.04681679	39210.125	-0.0018856023	-1681.1748	1.1123569	0.0006410057	42.893718957901
4	-476.75266	56.877136	-331.0773	-619.12286	79.0	-30.974894	1.4955301	-5.768081	-31.215508	50000	0.03505435	39658.98	-0.0009457688	-1738.6592	1.1026696	0.001121207	51.574071645736694
5	-464.13937	55.98716	-339.13583	-606.34235	79.0	-35.336536	4.2129526	2.497499	-36.353466	60000	0.03042993	34633.184	-0.0018989504	-1513.2563	1.1152841	0.0009380867	61.14882683753967
6	-463.81598	55.785255	-298.36075	-690.8273	79.0	-39.617283	6.03211	8.285485	-41.20258	70000	0.05308403	32828.99	-0.00064603495	-1430.4722	1.0968615	0.0003094496	70.10710191726685
7	-463.02817	65.40029	-328.75433	-641.87695	79.0	-44.109608	7.0011177	5.9035087	-45.943333	80000	0.07235661	31997.453	-0.00092204474	-1376.6357	1.0847013	-1.3024066e-05	78.88656377792358
8	-458.51846	57.665714	-340.485	-658.0459	79.0	-48.252514	8.45167	15.936514	-50.63415	90000	0.05171691	29293.074	-0.0009917931	-1278.1812	1.0657489	0.0011355918	88.46686244010925
9	-453.67874	59.145054	-328.76294	-583.56433	79.0	-52.24752	9.893299	8.13682	-55.20026	100000	0.046727747	27599.377	-0.0010360216	-1216.5781	1.073559	0.00074106734	97.38979291915894
10	-455.11435	53.775307	-349.11227	-588.9772	79.0	-56.328705	10.857267	28.802809	-59.69008	110000	0.061176173	26200.521	-0.0009001998	-1158.2373	1.0516201	0.0005721153	105.85742974281311
11	-435.42703	57.604076	-289.9896	-610.20746	79.0	-59.8346	12.568059	13.012506	-64.111305	120000	0.07883152	23016.348	-0.00081730867	-1021.21533	1.0287819	5.3644835e-05	114.46941256523132
12	-436.25693	61.643635	-293.40002	-572.95056	79.0	-63.32231	13.968191	9.712935	-68.30871	130000	0.072027914	22373.488	-0.0004297176	-1002.8081	1.0191898	6.706762e-05	125.97188687324524
13	-435.6305	61.0072	-300.75003	-565.3645	79.0	-66.48554	15.951815	5.0806704	-72.49004	140000	0.06403709	21294.912	-0.00074714236	-962.3496	1.0087072	0.00030000505	136.07578134536743
14	-436.32068	59.88827	-296.16492	-586.34546	79.0	-70.32382	16.664843	17.276695	-76.62355	150000	0.06552829	20156.344	-0.000509843	-931.1836	1.0223092	0.00026019002	146.0816969871521
15	-438.40298	57.29506	-300.19745	-586.3662	79.0	-73.84923	17.539288	7.964729	-80.741135	160000	0.07150765	19438.75	-0.0003909843	-908.5239	1.0002023	-8.68053e-05	155.51950001716614
16	-428.7315	58.92737	-300.6826	-639.78033	79.0	-76.879295	19.634306	11.957268	-84.84294	170000	0.04467629	17452.482	-0.0005299975	-816.0371	0.99074143	0.00014120701	164.7564959526062
17	-431.02145	63.91986	-300.1492	-582.5811	79.0	-79.50585	21.023071	8.295109	-88.756256	180000	0.06311593	16791.85	-0.00048165396	-785.7095	0.963157	-6.4154156e-06	173.9919409751892
18	-432.98053	63.147392	-249.2089	-621.2363	79.0	-83.159836	21.932537	15.080505	-92.62611	190000	0.064503625	16539.832	-0.000427139	-795.3804	0.9847033	0.0001375481	182.35277891159058
19	-426.77084	62.34139	-249.3966	-657.1024	79.0	-86.282394	23.239676	16.731565	-96.55748	200000	0.061539017	15259.349	-0.00078782486	-741.28613	0.97733414	0.00030482892	190.90552926063538
20	-422.99063	63.81705	-277.1179	-594.99713	79.0	-89.9102	23.848804	9.646224	-100.40183	210000	0.06554427	13959.0	-0.00079380133	-682.38086	0.94419414	0.0001910603	199.7737557888031
21	-424.2188	58.66276	-242.86502	-634.3914	79.0	-91.578156	26.52958	12.733502	-104.090935	220000	0.0748696	13243.496	-0.0007685502	-674.6316	0.93327737	0.00022794842	210.2118227481842
22	-430.27344	64.6745	-306.28714	-617.8049	79.0	-94.922646	27.058138	22.139267	-107.756676	230000	0.06467796	13884.99	-0.00052412937	-705.8237	0.9221196	-5.7059224e-05	218.95446252822876
23	-414.01447	63.240204	-275.89523	-647.5311	79.0	-97.5541	28.600018	8.712705	-111.565674	240000	0.079085864	11351.658	-0.00020808494	-584.08057	0.91926724	-0.00013209548	227.40293622016907
24	-409.609	58.491337	-258.24304	-587.61694	79.0	-98.29798	31.675306	24.305023	-115.03465	250000	0.047846068	10775.346	-0.00033934298	-570.3152	0.9029666	0.00017309184	235.57546281814575
25	-424.85162	59.323944	-241.55623	-561.5796	79.0	-101.332085	32.67904	12.441957	-118.474464	260000	0.059980616	11317.336	-0.0003215978	-604.1123	0.918535	0.00016009505	243.96092629432678
26	-422.49664	60.339905	-287.42236	-551.2242	79.0	-105.004326	32.61145	18.361338	-122.08034	270000	0.071598396	10905.213	-0.00041168346	-594.9971	0.89839333	0.00020444806	252.45698428153992
27	-424.93964	60.61787	-302.76672	-622.80884	79.0	-106.55151	34.942295	15.392483	-125.65955	280000	0.07020315	10516.316	-7.610046e-05	-585.7738	0.87958056	-6.0290668e-06	261.064044713974
28	-423.31415	65.19285	-238.42525	-613.182	79.0	-110.025764	35.303505	14.398534	-129.24057	290000	0.053550787	10037.667	-0.00039676204	-562.7748	0.8649037	7.1428396e-05	269.98584961891174
29	-409.87073	61.087498	-258.08182	-633.48914	79.0	-112.360214	37.1553	19.100986	-132.75978	300000	0.062465757	8614.746	-0.0002334211	-496.2434	0.85505414	-8.688652e-05	278.2943811416626
30	-420.50937	68.21715	-282.36154	-592.3393	79.0	-113.25655	39.089497	15.300727	-136.0422	310000	0.059677504	8875.434	-0.0003841156	-527.15186	0.8762955	0.00027323182	286.7814750671387
31	-419.9713	64.249054	-268.58673	-608.30554	79.0	-115.444466	40.415466	10.88637	-139.39467	320000	0.06397575	8610.796	-0.0002509877	-509.83337	0.84601575	5.9544785e-05	295.12545371055603
32	-415.29404	65.91672	-252.93211	-632.4513	79.0	-117.64614	41.5932	10.476994	-142.77298	330000	0.056988027	7720.1904	-0.00031705975	-485.66528	0.85329854	9.792668e-05	303.59853434562683
33	-421.76038	62.767376	-283.81943	-593.2497	79.0	-120.15645	42.664185	16.485567	-146.00848	340000	0.07788627	7801.1523	-7.746462e-05	-476.87048	0.83607113	0.0001391313	312.05341625213623
34	-419.4072	69.84697	-274.7527	-594.7168	79.0	-123.194466	43.23146	7.341103	-149.31903	350000	0.07150211	7422.6226	-0.00018264516	-472.1405	0.8331285	0.00019576112	320.3704779148102
35	-417.08655	66.14276	-255.99844	-637.9553	79.0	-125.724174	43.528305	29.345604	-152.57874	360000	0.07703773	6733.2964	-0.000395705	-437.0846	0.8044299	1.1225551e-05	329.3775010108948
36	-420.52325	63.8814	-210.5198	-567.5043	79.0	-126.57955	45.608284	11.760224	-155.69138	370000	0.07463309	6588.382	-9.434763e-05	-463.16772	0.8381425	3.7252903e-07	337.7231779098511
37	-404.41278	64.41228	-246.21786	-571.5636	79.0	-128.11232	47.546234	27.76028	-158.83604	380000	0.068540506	5559.465	-0.00044080362	-427.7998	0.82802004	0.00012513416	346.0445363521576
38	-410.3728	60.01887	-225.35487	-568.7223	79.0	-128.80649	47.837498	20.401274	-161.67513	390000	0.05887127	5379.395	-0.00033537112	-408.90454	0.81605077	-0.00010032718	354.4254083633423
39	-402.5446	55.78187	-240.50381	-572.5169	79.0	-132.00725	48.66325	7.8256345	-164.56744	400000	0.046711247	4589.8057	-0.00087547395	-347.10413	0.82317746	-2.2443111e-05	362.940792798996
40	-413.4007	72.853905	-260.75043	-623.40753	79.0	-132.38405	51.051376	16.179485	-167.2746	410000	0.049636476	5428.506	-0.00055557466	-414.84692	0.8313674	0.0003484002	371.70787620544434
41	-405.1845	59.795815	-245.70894	-579.7989	79.0	-134.33826	52.27251	10.686824	-170.18341	420000	0.04735025	4603.334	-0.00022747694	-363.25238	0.8389441	-9.5841955e-05	380.06786036491394
42	-411.63574	64.00414	-242.23396	-578.99677	79.0	-134.35014	53.24785	20.101246	-172.90802	430000	0.051637173	4628.2944	-0.00017864082	-446.6247	0.84523433	-8.335124e-06	388.9413275718689
43	-408.6236	71.92355	-247.64404	-679.5981	79.0	-136.7189	53.996613	28.01736	-175.694	440000	0.026139852	4595.8896	-0.00040014694	-425.41107	0.8400254	9.50092e-05	397.2745325565338
44	-406.91647	64.40912	-275.52725	-601.47186	79.0	-137.03813	55.552937	22.859642	-178.40881	450000	0.05054244	4161.6904	-0.00032624323	-409.4666	0.84510076	3.4575532e-05	405.7052164077759
45	-411.98218	64.25684	-268.16257	-620.3586	79.0	-139.50098	56.09304	6.449932	-181.07164	460000	0.039899856	3963.7317	-0.00051163416	-344.59265	0.84380794	0.00024551526	414.44134163856506
46	-411.8981	59.117676	-252.85025	-594.6691	79.0	-140.05557	58.005383	5.5867567	-183.8263	470000	0.03742706	3901.1006	-0.000283811	-428.79956	0.85334086	-2.9103547e-05	424.90334463119507
47	-400.2807	62.70911	-269.31567	-567.982	79.0	-141.35435	58.709236	10.735834	-186.55356	480000	0.025996614	3171.6587	-0.00023730588	-320.5511	0.83683175	0.00024259748	434.19648456573486
48	-415.1202	61.658733	-263.35687	-600.26843	79.0	-142.33852	59.348213	15.877229	-188.93118	490000	0.039019227	3778.986	-0.00020896457	-363.35156	0.8536147	0.00017006768	443.2015292644501
49	-403.60516	62.303146	-278.6043	-624.2699	79.0	-143.84505	59.68895	8.513544	-191.61295	500000	0.029677356	2972.669	-0.0003302875	-275.41235	0.84065795	9.95578e-06	452.4540309906006
50	-422.82245	64.27765	-295.99088	-632.55774	79.0	-144.55045	61.72037	11.988811	-193.97699	510000	0.03522919	3805.8127	-0.0002249023	-395.354	0.84334874	9.9363475e-05	460.81126141548157
51	-407.12378	61.38845	-271.72607	-607.0601	79.0	-147.1043	61.969734	6.9343967	-196.73936	520000	0.03757	2998.1584	-0.00025570323	-372.50403	0.829681	-5.0596773e-05	469.3064703941345
52	-415.27707	64.752655	-289.41006	-598.69324	79.0	-147.60217	62.590866	9.206505	-199.17267	530000	0.044601373	3347.8257	-0.00030087773	-393.51105	0.83404326	3.512853e-05	477.75035214424133
53	-405.92883	64.53067	-246.32828	-610.06384	79.0	-149.67847	64.34043	9.70734	-201.76451	540000	0.03067001	2855.6794	-0.00034710113	-368.18225	0.81471676	-0.00010325969	486.17644357681274
54	-407.267	63.98586	-248.20436	-570.2484	79.0	-149.30408	65.39941	13.978096	-204.10818	550000	0.02602599	2731.2307	-0.00032127136	-366.58127	0.830377	0.00019366846	494.86071038246155
55	-412.82693	71.538246	-269.29724	-621.35834	79.0	-152.15051	65.85071	129.12857	-206.43875	560000	0.037856773	3103.7913	-0.00013509206	-395.3739	0.82493806	2.0821302e-05	504.70617389678955
56	-400.93753	66.20927	-247.86238	-608.32855	79.0	-150.09364	66.963905	6.029603	-208.9451	570000	0.024270095	2449.33	-0.00030272617	-339.75888	0.80679524	0.000157555	513.809695482254
57	-393.27774	63.16006	-247.7701	-559.05566	79.0	-152.99965	67.09832	12.49897	-211.10443	580000	0.010187235	2145.3113	-0.0007087095	-322.3754	0.8060109	0.00031352387	522.2758071422577
58	-410.33112	68.33041	-235.00688	-589.687	79.0	-150.0305	67.625824	5.0142584	-212.90523	590000	0.01010732	2492.785	-0.00047699548	-330.64832	0.7997481	0.0004353412	530.7754855155945
59	-403.8837	68.13556	-248.69365	-690.17224	79.0	-155.2102	69.41081	24.065693	-215.06392	600000	0.016714752	2417.6482	-0.00023807818	-322.6928	0.78886735	-0.0001480458	539.0312492847443
60	-402.44635	65.54325	-249.26039	-638.3856	79.0	-153.90724	68.84864	52.64759	-217.17651	610000	0.020415552	2326.5122	-0.00020028697	-337.8224	0.7857138	0.00015382963	547.9246966838837
61	-394.00415	63.478813	-243.51273	-589.1292	79.0	-157.28163	70.84775	20.66922	-219.27328	620000	0.028151892	2122.123	-0.00019231671	-433.67322	0.78610814	0.00013361653	556.3122024536133
62	-402.53787	62.330795	-254.38588	-567.1076	79.0	-153.27734	71.13039	6.5329866	-221.08194	630000	0.02297004	1941.8845	-0.00017567864	-316.53168	0.77171916	9.44676e-05	564.8967142105103
63	-400.8528	64.59215	-269.64597	-576.2182	79.0	-157.30954	70.45636	5.732669	-222.90994	640000	0.019589677	2012.5349	-0.00020860229	-294.7579	0.7687297	-3.131012e-05	573.6710062026978
64	-397.35733	67.39851	-232.85132	-611.2462	79.0	-156.42613	71.52336	27.405046	-224.8485	650000	0.030081417	1942.729	-0.00022318136	-268.80557	0.76688015	2.3763027e-05	581.8789319992065
65	-403.3213	69.127975	-242.31436	-611.4252	79.0	-157.70392	71.26538	3.2781074	-226.7053	660000	0.012896575	2174.4717	-0.00036834166	-332.35675	0.76724744	0.00013044428	590.293285369873
66	-404.08148	67.88225	-264.77972	-585.7228	79.0	-158.3829	71.82553	5.8904705	-228.65924	670000	0.023145953	2142.4841	-0.00031761453	-392.19687	0.7527014	0.00017342661	598.684956073761
67	-405.8875	62.966755	-303.99442	-633.49963	79.0	-161.81819	71.87962	14.080761	-230.54759	680000	0.037972704	1891.9409	-0.00027744798	-349.4523	0.7673049	4.5658642e-05	607.1288204193115
68	-399.92212	59.859295	-248.75262	-627.76544	79.0	-157.584	75.22197	43.019978	-232.63055	690000	0.015774876	1613.5371	-0.0003991695	-276.73703	0.7420589	7.311156e-05	615.5403940677643
69	-392.6611	60.00296	-259.00696	-555.6883	79.0	-158.87712	74.56089	7.9070053	-234.35208	700000	0.031127555	1472.6443	-0.00027531618	-220.48293	0.7628393	8.838236e-05	624.0453722476959
70	-398.52658	61.170586	-239.69865	-624.3488	79.0	-158.92271	75.18074	7.554042	-235.72514	710000	0.027291013	1674.3494	-0.0003628782	-319.80057	0.7713357	-9.922903e-05	633.2665870189667
71	-398.17697	63.939236	-231.91356	-549.42456	79.0	-160.01054	75.879814	8.177632	-237.30978	720000	0.021047655	1667.5347	-6.833812e-05	-311.70007	0.7468381	0.00046476303	641.853761434555
72	-390.93317	63.200638	-259.56918	-563.11816	79.0	-158.10742	75.29847	3.0676785	-238.8375	730000	0.027741939	1511.5779	-0.00062529417	-317.18878	0.758258	0.0002618014	650.2381660938263
73	-399.7593	69.15547	-274.90717	-698.8408	79.0	-158.74533	75.11354	2.2170103	-239.98535	740000	0.0058994405	1860.215	-0.0003887536	-385.5423	0.76805466	5.8032318e-05	658.6686706542969
74	-410.28064	70.93871	-271.49118	-638.8148	79.0	-162.91771	77.47074	7.056692	-241.42508	750000	0.016059617	2084.9834	4.66872e-06	-440.07016	0.761433	0.00011272744	667.072408914566
75	-394.70306	65.23098	-269.91357	-572.81995	79.0	-162.87558	76.30923	5.591362	-243.50732	760000	0.0067454465	1546.0394	-0.000113117625	-262.0997	0.7641536	0.00028085595	675.6092305183411
76	-404.41974	67.6081	-265.34027	-597.9988	79.0	-160.28004	77.39	9.922028	-245.04509	770000	0.0042314194	1669.3755	-0.00020320062	-323.45944	0.7684289	0.00012575023	684.1392433643341
77	-404.35458	68.960625	-241.60158	-572.5404	79.0	-164.07906	77.01681	4.5895348	-246.56178	780000	0.008797549	1685.779	-0.00028435234	-293.57266	0.7535664	0.00011254516	692.9968059062958
78	-388.41272	63.65575	-258.01	-600.2961	79.0	-164.14267	78.69609	10.294443	-248.09534	790000	0.0065285284	1306.9907	-0.00027218973	-277.6966	0.75350213	6.666276e-05	701.3417208194733
79	-401.67313	61.964397	-274.43893	-599.16644	79.0	-161.83783	76.70531	10.227148	-249.12846	800000	-0.004414439	1482.7654	-0.00018810853	-310.7378	0.7655298	2.7420121e-05	709.8041315078735
80	-389.25214	57.870426	-245.6353	-537.4093	79.0	-163.69485	79.14455	18.148222	-250.41917	810000	-0.0004896126	1334.6802	-0.00029051933	-316.7774	0.77476656	0.0001988145	719.0791153907776
81	-391.1124	60.673267	-258.84766	-601.1916	79.0	-161.99416	78.81464	8.504164	-251.25864	820000	-0.0048437035	1379.4072	-0.00012331782	-281.9178	0.7581509	-3.4959634e-05	729.458753824234
82	-392.74432	61.128242	-278.05157	-558.1069	79.0	-161.79222	78.60738	5.3198175	-252.04094	830000	-0.019402688	1491.5298	-0.00024215801	-350.36188	0.7609969	8.8751774e-05	739.9549932479858
83	-399.99753	62.252316	-239.63757	-602.15216	79.0	-163.46484	80.22745	0.8131101	-252.99197	840000	-0.014538251	1436.2954	-0.00041154271	-269.97745	0.7598528	0.00012220035	751.6626062393188
84	-390.961	67.538025	-237.13986	-609.76324	79.0	-163.7221	78.86199	3.6069367	-254.1566	850000	-0.0075600985	1624.1929	-0.00027723983	-316.2523	0.74111795	-3.931929e-05	761.9434084892273
85	-396.70514	69.14093	-204.55515	-569.29395	79.0	-163.91843	80.21024	9.042387	-254.99237	860000	0.006268706	1674.6569	-5.181553e-05	-345.26984	0.7492189	-2.3675673e-05	771.8885879516602
86	-392.60522	69.97119	-233.60373	-606.39825	79.0	-161.6201	79.91597	3.1134129	-256.10684	870000	-0.008296633	1703.0547	-0.0003691634	-359.4137	0.73120797	6.4828855e-05	781.8549792766571
87	-398.72922	71.379234	-230.50644	-601.38544	79.0	-164.3146	81.118546	14.226285	-257.01358	880000	0.0014532916	1794.409	-0.00013828184	-395.44116	0.7347752	-1.8702187e-05	791.9912700653076
88	-401.81705	69.380714	-223.69785	-651.5036	79.0	-162.9036	80.911575	15.077993	-257.96808	890000	-0.005115563	1714.4852	-0.00020055176	-339.14032	0.7385161	3.1841628e-05	801.2534129619598
89	-390.10925	69.60578	-229.45789	-590.33545	79.0	-166.24153	79.76368	7.5557394	-259.15054	900000	-0.012330048	1641.3501	-0.0002912608	-483.31195	0.7281926	-0.00012369579	810.2519073486328
90	-407.12302	69.77776	-259.47876	-648.8637	79.0	-161.8308	79.61743	7.2431808	-260.1865	910000	-0.0051806523	1886.4469	-0.00012651901	-513.63965	0.7188903	-0.00010708129	818.7157640457153
91	-398.06238	74.6813	-191.04428	-686.6123	79.0	-168.1471	82.51913	7.3578134	-261.74997	920000	-0.0030988483	1775.3186	-0.00045576924	-380.36185	0.725078	8.941324e-05	827.2299950122833
92	-396.0361	61.0083	-221.02306	-574.5571	79.0	-163.72124	78.97824	18.565262	-263.02805	930000	-0.012329062	1298.7123	-0.0002729564	-280.7174	0.718361	3.2431424e-05	835.6402201652527
93	-398.3038	65.19729	-258.6967	-590.84564	79.0	-167.71367	80.930786	6.6778984	-264.0965	940000	0.00076559186	1789.3845	-0.00023032166	-416.22064	0.7201381	0.00014854228	843.9042503833771
94	-392.19604	70.21249	-238.08968	-585.87274	79.0	-166.23967	82.500305	11.142983	-264.95215	950000	-0.014571904	1471.8661	-0.00010900479	-342.1624	0.70450485	2.828556e-05	852.4423277378082
95	-389.07416	66.88337	-211.67159	-628.58124	79.0	-165.9862	80.75695	16.39617	-266.21686	960000	0.01886782	1617.3462	-0.00017344672	-430.46744	0.71410847	3.642022e-05	861.0500273704529
96	-387.1177	67.52016	-176.66963	-600.2695	79.0	-161.94368	83.13871	6.3876605	-266.7047	970000	-0.008851377	1585.1891	-0.00040598062	-396.08777	0.7054575	0.00013408397	870.5147132873535
97	-391.49695	73.98702	-233.24448	-643.7361	79.0	-161.99161	82.067055	4.7196445	-267.33655	980000	-0.0018922496	1798.836	-0.00033748918	-405.2652	0.7021729	-3.9683793e-05	878.7342805862427
98	-385.15668	66.406136	-231.49495	-576.5488	79.0	-162.54553	82.44095	7.5365796	-268.337	990000	-0.014886434	1552.1921	-0.00035796972	-324.12854	0.70604354	0.00038290658	887.2428538799286
99	-384.2674	63.451954	-259.83456	-602.45	79.0	-163.4367	80.93899	14.674683	-268.9496	1000000	-0.008936881	1531.138	-0.00012187846	-392.70343	0.7231232	7.129708e-05	895.5536403656006
100	-387.86826	74.446014	-233.87793	-639.57294	79.0	-160.58908	82.43	8.632227	-269.14627	1010000	-0.015750576	1848.3799	-0.00018875673	-542.47473	0.7129692	-4.266e-05	904.5253391265869
101	-390.22223	66.910065	-240.74255	-609.6982	79.0	-163.46938	81.01818	3.3043385	-270.22125	1020000	0.004587014	1763.298	-0.00022580253	-451.7725	0.71078026	0.00012210378	912.9136588573456
102	-382.45544	67.76854	-180.8385	-608.75305	79.0	-162.0211	83.286545	8.388369	-270.8914	1030000	-0.012739082	1617.1929	-5.6078425e-05	-439.65405	0.71801627	-8.1051374e-05	921.1281540393829
103	-384.30087	65.1042	-223.96193	-563.67957	79.0	-157.52202	81.22825	7.8208985	-271.28256	1040000	-0.027606018	1481.158	-0.00017169747	-378.29462	0.72156227	7.6454104e-05	929.9853668212891
104	-385.9269	68.1546	-215.96889	-592.6192	79.0	-161.9515	80.68061	5.564536	-271.63968	1050000	0.0032220632	1542.4211	-0.00018877443	-335.247	0.719445	-5.7216785e-05	938.3621768951416
105	-391.8847	69.2374	-232.0208	-639.7372	79.0	-161.71216	81.22494	7.707554	-272.02087	1060000	-0.010914926	1601.6035	-0.00017470948	-302.01312	0.71810997	9.107017e-05	946.6791508197784
106	-398.4399	63.062237	-266.77512	-631.88794	79.0	-165.0847	82.29907	13.307292	-272.61572	1070000	-0.012476263	1567.4526	-0.00022933166	-402.9736	0.7195838	-0.00014268293	955.1265301704407
107	-395.87335	70.9802	-243.12317	-626.03326	79.0	-165.95305	80.82494	12.788263	-273.2551	1080000	-0.012727238	1530.9495	-0.0002769907	-371.30426	0.71449953	5.5012977e-05	963.5388379096985
108	-389.69208	69.19943	-204.90054	-635.7463	79.0	-162.92424	81.30976	5.810939	-274.64655	1090000	-0.023334723	1559.4246	-0.000479999	-402.15656	0.7107364	2.8432238e-05	971.8092741966248
109	-390.02496	68.2437	-234.69522	-565.89764	79.0	-163.05458	81.40439	10.636257	-275.35016	1100000	-0.0008801734	1651.0522	-0.00012675859	-409.48425	0.71139777	-3.6880527e-05	980.1681759357452
110	-390.36487	65.7969	-187.77356	-542.6426	79.0	-166.05339	84.09818	18.544207	-275.83682	1110000	-0.02380541	1575.5447	-0.00037089037	-330.10922	0.7191442	0.00020765269	989.0925180912018
111	-388.3734	62.670902	-263.76636	-632.3028	79.0	-160.69576	79.9846	7.0785303	-276.0829	1120000	-0.018705979	1546.9436	-0.00033045025	-357.9408	0.6912268	-0.000113775444	997.5100450515747
112	-376.50674	73.27262	-213.954	-536.0381	79.0	-166.86334	81.50156	7.45485	-276.58774	1130000	-0.012838436	1633.645	-0.0002864427	-392.66483	0.69461405	0.00023816932	1005.7149302959442
113	-390.08188	69.98644	-237.55814	-563.6829	79.0	-157.35455	79.430305	24.21285	-276.902	1140000	0.0031419839	1749.8716	-0.00016740896	-436.55273	0.68369704	7.366587e-05	1014.1399486064911
114	-398.59357	69.22174	-278.63565	-590.56006	79.0	-165.08458	81.015465	9.392059	-277.4279	1150000	-0.00033485517	1618.1763	-0.00027563702	-386.52875	0.68112725	0.00021926512	1022.6192626953125
115	-389.55786	70.80246	-257.14743	-607.2325	79.0	-166.73082	83.17079	13.407587	-277.9647	1160000	-0.012084343	1643.2378	-0.00018698373	-317.14957	0.69084626	0.0001333954	1031.190966129303
116	-396.16028	71.32263	-224.10637	-647.1022	79.0	-165.04265	82.972946	17.254902	-279.26938	1170000	-0.0025868928	1662.4152	-0.00016590185	-328.03156	0.6889514	0.00011824194	1039.5824036598206
117	-384.47473	70.0222	-234.85143	-571.9028	79.0	-167.4962	83.30528	9.717361	-280.25656	1180000	-0.0077787265	1853.7483	-0.0003136634	-486.17993	0.6908302	-0.00010230337	1049.5104715824127
118	-387.48898	66.84201	-220.4344	-680.56946	79.0	-160.03677	80.8928	6.2784185	-280.33643	1190000	-0.00021084398	1677.3542	8.612231e-06	-449.74747	0.6921102	0.000115671835	1057.8857061862946
119	-382.49136	69.04574	-232.9724	-636.7591	79.0	-160.9246	80.720085	14.648525	-281.01404	1200000	-0.0018890612	1672.468	-0.00015255203	-389.59824	0.6923742	0.00010908264	1066.2651698589325
120	-372.45032	71.33669	-228.13348	-594.399	79.0	-161.46915	80.22349	5.605156	-281.5895	1210000	-0.015243736	1780.3945	-0.0002638637	-453.5396	0.6912394	-2.0880507e-05	1075.0536737442017
121	-393.17014	63.3702	-233.95818	-591.0054	79.0	-155.8914	77.03157	6.432079	-281.5316	1220000	-0.013144519	1611.0259	-0.00023519946	-539.0426	0.6920998	4.4135908e-05	1083.4003727436066
122	-386.12726	66.31708	-264.7572	-616.1117	79.0	-168.55502	81.460045	5.091433	-282.28214	1230000	-0.016056878	1410.5784	-0.00018850109	-312.93628	0.6992517	-2.7329064e-05	1091.7038886547089
123	-398.95438	63.90092	-223.52051	-617.97705	79.0	-162.57484	80.364716	4.7735744	-282.63245	1240000	-0.010452938	1426.352	-0.00018639548	-359.12408	0.686785	2.569952e-05	1099.9316575527191
124	-384.2123	69.80336	-261.69266	-649.7198	79.0	-168.40802	83.845146	10.742128	-284.19638	1250000	-0.01592477	1601.6216	-0.00019587972	-393.64667	0.695451	8.278692e-05	1108.8675789833069
125	-377.4308	59.244415	-248.04842	-522.90247	79.0	-158.09062	80.70994	10.308222	-284.61307	1260000	-0.010014296	1301.4443	-0.00037683547	-298.0727	0.6856587	0.00011873113	1117.2396733760834
126	-387.6599	64.50562	-250.44957	-665.98376	79.0	-159.9321	81.23073	9.14344	-284.4618	1270000	-0.004938081	1544.3372	-0.00029774313	-360.16064	0.6896462	-1.0219459e-05	1125.6353278160095
127	-397.4326	81.15275	-204.62708	-708.7158	79.0	-164.16107	82.77025	7.775385	-284.79376	1280000	-0.01075909	2012.5253	-0.00036555622	-476.54245	0.6801981	0.00015059662	1133.9286742210388
128	-390.7365	70.34919	-205.85913	-598.50977	79.0	-165.99507	84.18023	17.665085	-286.72336	1290000	-0.012510495	1728.2177	-0.0002597092	-352.40894	0.6832496	0.00015840874	1142.2509689331055
129	-379.19016	54.678257	-244.25943	-566.5718	79.0	-163.57706	81.11362	17.442902	-286.7242	1300000	-0.011862278	1327.2769	-4.059181e-05	-316.5619	0.67465687	5.4002903e-05	1150.5870623588562
130	-383.02304	61.882652	-236.05191	-593.17773	79.0	-159.75685	79.86825	5.812365	-285.7986	1310000	-0.011393521	1438.4504	-0.00017010234	-362.60672	0.6599468	-7.730843e-06	1158.8320500850677
131	-376.36896	64.96548	-185.88387	-615.1388	79.0	-160.02403	77.8619	5.0191836	-283.53018	1320000	0.0027017365	1468.6769	-0.0001969519	-358.38998	0.66307944	3.0525189e-06	1167.5948932170868
132	-381.59192	72.363495	-205.31836	-647.7551	79.0	-160.55725	81.26954	1.4721193	-287.06326	1330000	0.009712668	1999.4465	-0.00022454109	-518.87115	0.66724914	3.4663262e-05	1175.913013458252
133	-390.30783	67.85145	-196.15768	-577.9909	79.0	-162.11293	81.791405	8.518481	-284.7244	1340000	-0.018159317	1538.4343	-0.0002523791	-358.7979	0.6650321	4.4372613e-05	1184.1465957164764
134	-395.4913	63.138218	-249.13295	-598.0419	79.0	-167.5706	82.57804	8.404032	-289.63663	1350000	-0.0004685279	1549.4705	-0.00018169452	-374.75095	0.6626668	4.3780004e-05	1192.6027586460114
135	-377.23285	61.02217	-204.1018	-545.2941	79.0	-165.1594	83.060745	15.77387	-290.00952	1360000	-0.022614673	1512.9238	-0.0002359727	-393.26846	0.67583936	8.392311e-05	1201.0596129894257
136	-366.71704	65.13464	-211.08101	-618.1547	79.0	-157.58777	79.59633	10.2289505	-277.75223	1370000	-0.02249112	1511.4155	-0.00042547693	-459.3731	0.6663275	0.00031585936	1209.4096455574036
137	-379.9838	75.13149	-190.52591	-633.8786	79.0	-152.79973	79.341255	13.432398	-290.23816	1380000	-0.018170528	1945.4348	-0.00021992577	-565.82635	0.6675128	1.6670936e-05	1217.9113097190857
138	-380.71478	57.403442	-232.86581	-540.79706	79.0	-161.15034	78.66084	7.5085034	-289.47635	1390000	0.0034145527	1310.9296	-0.00028595887	-329.4687	0.6698785	2.2085302e-05	1226.5331819057465
139	-394.0896	64.301704	-276.314	-667.6474	79.0	-162.12715	81.689255	12.44195	-292.1886	1400000	-0.021851152	1423.7977	-0.000362437	-319.49026	0.67021763	-1.604722e-05	1235.2902648448944
140	-393.80917	70.66616	-242.20934	-602.14233	79.0	-165.56854	82.32467	8.486763	-292.10382	1410000	-0.014734445	1569.1243	-0.00014138268	-311.62433	0.66374886	0.00012158775	1244.1090981960297
141	-377.2539	60.87206	-240.50508	-588.0467	79.0	-164.73277	83.956184	10.613314	-292.71805	1420000	-0.016606212	1419.1365	-0.00029715616	-438.08484	0.6556364	0.00017855712	1252.4334845542908
142	-387.80286	63.56113	-191.01228	-550.0007	79.0	-159.5965	80.34657	9.958297	-291.16132	1430000	-0.012309151	1385.1083	-0.00016398705	-428.31042	0.65799654	0.00014344354	1260.7271082401276
143	-386.8559	68.249405	-215.70792	-592.69684	79.0	-161.79507	81.75044	6.6373034	-293.21313	1440000	-0.0032391408	1581.8783	-0.00020843139	-443.7614	0.657868	-3.3550692e-05	1269.0255479812622
144	-386.29147	67.48001	-210.16682	-559.17633	79.0	-161.917	80.92599	12.048365	-293.10168	1450000	-0.0074124625	1608.9956	-0.00021212897	-389.17627	0.65884584	1.7597013e-05	1277.3113493919373
145	-385.17963	69.63363	-223.9371	-638.0626	79.0	-164.25401	82.05282	16.937561	-293.47153	1460000	-0.014587744	1708.9026	-0.000103602186	-446.09204	0.65012527	5.636458e-05	1285.9391448497772
146	-366.8938	62.2146	-236.27563	-548.98834	79.0	-162.58032	83.06784	16.308014	-293.55933	1470000	-0.02103362	1532.6506	-0.000272871	-392.58575	0.6474148	0.00014567544	1294.6480145454407
147	-380.67755	67.705795	-160.54755	-541.644	79.0	-156.73883	80.03493	18.872217	-283.1791	1480000	-0.0072672404	1465.4385	-0.00012947526	-379.54486	0.6440604	7.389357e-05	1302.8767583370209
148	-375.87485	67.8453	-230.42729	-569.7949	79.0	-159.56113	82.02884	12.986029	-289.09225	1490000	-0.017917216	1670.3132	-0.00010767998	-354.9497	0.64341164	0.000108388005	1311.2519309520721
149	-368.58743	62.47631	-236.58838	-579.57764	79.0	-158.58159	79.1612	20.444736	-280.1859	1500000	-0.012245631	1457.2112	-0.00014979485	-445.60828	0.64258146	1.15688235e-05	1319.5853502750397
150	-378.04593	65.71908	-252.44647	-575.1386	79.0	-153.14406	78.53841	18.390919	-286.05344	1510000	-0.01419354	1651.0479	-9.741681e-05	-475.2946	0.6573826	-2.2793025e-05	1327.9485762119293
151	-378.74887	69.60611	-168.07103	-611.5432	79.0	-162.46416	81.221405	15.05311	-287.59094	1520000	-0.0011637621	1832.9114	-0.00014415337	-422.4839	0.6532699	3.615391e-05	1336.347220659256
152	-372.4661	62.91982	-261.52936	-597.658	79.0	-155.26187	79.073944	10.508243	-283.20715	1530000	-0.024689153	1479.3745	-0.00026636897	-432.74078	0.647455	0.00012831304	1345.3312232494354
153	-389.29938	65.02605	-248.86816	-566.0176	79.0	-156.12547	79.22252	14.885412	-290.50085	1540000	-0.0037777536	1770.7826	-0.00062166026	-586.14465	0.65597546	9.5118594e-07	1355.3843698501587
154	-380.9128	68.660255	-214.68901	-562.04144	79.0	-164.19862	82.25686	3.0579758	-284.98776	1550000	-0.015210917	1506.3492	-0.00033478477	-350.26837	0.6479646	9.716584e-05	1363.5993587970734
155	-393.91776	71.54188	-224.1915	-616.96277	79.0	-161.0077	81.12472	7.4220333	-298.9779	1560000	-0.0059306417	1420.3545	-0.00028190156	-322.63806	0.6501849	0.00018199362	1372.875220298767
156	-376.36395	63.97588	-244.78409	-552.7971	79.0	-165.6975	82.770355	3.9281268	-303.07407	1570000	-0.0015374143	1472.7756	-0.00025648065	-393.17548	0.6494422	8.602281e-05	1382.926598072052
157	-373.46542	63.177658	-249.94629	-585.41797	79.0	-158.47528	80.41054	10.303036	-298.77612	1580000	-0.027008833	1377.2898	-0.00035286415	-284.8639	0.64883375	2.2159424e-05	1391.7696161270142
158	-381.72147	69.86234	-219.82469	-605.48254	79.0	-157.76598	81.08402	10.434879	-297.72266	1590000	-0.017871259	1752.5654	-0.00018638046	-446.25146	0.65326464	-0.00012690709	1400.0126423835754
159	-380.88202	60.92081	-276.6875	-561.3366	79.0	-164.01878	81.10387	1.7886591	-302.96457	1600000	0.0023426213	1242.897	-0.00018309988	-268.81592	0.6511173	3.82955e-05	1409.0435383319855
160	-382.26996	60.913975	-250.01794	-548.46295	79.0	-160.60252	80.95227	8.656685	-303.5507	1610000	-0.017865	1449.2812	-0.00019581616	-331.41202	0.6558702	0.0002834693	1418.1357924938202
161	-374.45602	66.57035	-221.43716	-617.01495	79.0	-159.25972	80.951065	11.379074	-292.53494	1620000	-0.026906628	1484.7144	-0.00033628172	-322.93988	0.6436847	0.000115651696	1426.6128516197205
162	-372.60916	63.839172	-228.80719	-598.6609	79.0	-157.33466	80.425285	14.473364	-283.7863	1630000	-0.011954345	1477.2869	-9.06575e-05	-331.47882	0.6473002	6.223585e-05	1434.94855427742
163	-373.64606	63.303974	-200.01848	-553.2525	79.0	-153.88148	79.16024	7.141336	-296.85947	1640000	-0.021232395	1602.8419	-9.386998e-05	-408.66907	0.64770365	6.345715e-05	1443.3794984817505
164	-377.64917	67.00483	-242.18542	-551.5148	79.0	-159.05963	80.17013	8.565541	-277.82837	1650000	-0.0024988148	1711.6199	-0.00013415446	-414.10547	0.6391994	-4.649917e-06	1451.728432893753
165	-371.10168	77.09455	-199.16348	-602.2833	79.0	-159.18512	81.4076	15.304621	-292.8934	1660000	-0.018184565	1897.7142	-0.00013945217	-308.71997	0.63537073	-5.0370836e-05	1460.0713737010956
166	-368.63443	67.04243	-213.49736	-543.36017	79.0	-159.29636	78.330826	11.540974	-303.47882	1670000	-0.0054369904	1552.7156	-0.00019305758	-380.4096	0.64935994	0.00014884776	1469.2955765724182
167	-376.9791	54.583443	-245.00812	-520.51	79.0	-153.91031	77.42783	12.3547	-299.8108	1680000	-0.010055434	1321.8169	-0.00017451867	-410.4868	0.6311222	6.211184e-05	1485.374309539795
168	-371.9355	63.822426	-250.20317	-533.24066	79.0	-160.01361	80.64058	24.262558	-300.2504	1690000	-0.009920025	1534.9758	-0.00030742923	-333.63507	0.6203594	0.0003093863	1497.2390916347504
169	-375.83047	61.170547	-204.47583	-553.06	79.0	-158.8797	78.135956	5.79625	-285.45383	1700000	-0.0013342742	1393.082	-0.00038154796	-386.81168	0.6378112	0.00023916233	1509.2094643115997
170	-376.70804	61.593746	-228.37407	-525.69617	79.0	-157.0999	79.06959	5.4891763	-307.09476	1710000	-0.0069290455	1385.8677	-0.00016325247	-357.07758	0.6383531	2.4189314e-05	1519.105976343155
171	-383.069	74.97863	-215.03517	-631.3679	79.0	-163.65477	81.27456	12.375931	-287.1675	1720000	-0.00245402	1959.6213	-0.00016519148	-512.4171	0.647238	-6.961653e-05	1529.57089304924
172	-382.15002	64.73514	-218.48698	-556.5984	79.0	-160.74295	81.074486	12.37068	-293.35324	1730000	-0.02738371	1485.4136	-0.00028549402	-332.85748	0.65031326	0.00032387217	1540.0703399181366
173	-376.56296	65.38576	-195.84534	-636.6147	79.0	-162.46866	79.577095	15.558029	-301.34085	1740000	-0.021523563	1572.052	-0.00044106692	-400.2066	0.63462114	8.681629e-05	1549.820467710495
174	-383.00748	57.43121	-256.30435	-548.408	79.0	-159.99702	79.799255	20.177622	-302.57748	1750000	-0.0012638476	1176.4414	-0.00039249752	-243.39948	0.64149845	0.00010161552	1558.6364192962646
175	-375.998	66.49187	-250.01933	-551.28033	79.0	-161.46053	82.12908	5.8064117	-299.37476	1760000	-0.010633796	1430.6721	-0.00042638567	-306.58643	0.6335149	0.0007080015	1566.8863196372986
176	-367.86148	60.02282	-237.0421	-559.74164	79.0	-158.87378	77.95562	5.9063697	-300.30984	1770000	-0.028014742	1364.2902	-1.0320917e-05	-262.11163	0.64986604	4.485992e-05	1575.5862219333649
177	-375.64932	62.945564	-267.2165	-553.2068	79.0	-157.20468	78.05686	10.676695	-286.65045	1780000	-0.0027124444	1330.4419	-0.00013073348	-335.09692	0.643872	-4.657908e-06	1584.0391025543213
178	-367.08112	67.93207	-243.38791	-590.849	79.0	-158.25331	79.812035	13.100825	-303.0542	1790000	-0.020677982	1275.198	-8.652196e-05	-295.98407	0.6423694	-5.446745e-05	1593.3111500740051
179	-370.17804	58.532127	-220.40831	-640.01154	79.0	-156.12814	79.56817	10.378361	-307.5779	1800000	-0.019078357	1269.8984	-0.00016629323	-336.29578	0.63412434	8.705429e-06	1601.7094299793243
180	-368.36932	54.681118	-251.28358	-499.67334	79.0	-157.9399	78.57132	19.398567	-287.93747	1810000	-0.004514848	1202.967	-0.0001586302	-272.86255	0.64065874	-4.154424e-05	1610.79385304451
181	-368.19193	60.701992	-248.61526	-590.713	79.0	-156.7572	76.79094	7.3615303	-295.88995	1820000	-0.0044493675	1315.3291	-0.00010667276	-290.14502	0.6356888	4.1325184e-05	1619.2523272037506
182	-374.34848	61.22375	-239.85767	-570.6131	79.0	-155.22092	77.665565	8.028392	-287.3402	1830000	-0.025026014	1167.2953	-0.00016301591	-250.92691	0.6367839	0.00011268763	1629.3079574108124
183	-377.61115	68.653366	-242.63979	-621.78796	79.0	-160.09016	79.453476	8.475538	-294.91092	1840000	-0.010607516	1501.1282	-0.00038495054	-467.99017	0.6351634	7.100738e-06	1638.2930996418
184	-371.07733	59.313057	-240.53864	-501.77713	79.0	-157.89273	81.11489	4.9623833	-311.04993	1850000	-0.028971469	1500.2156	-0.00017595943	-603.6673	0.64452684	0.00029116275	1647.025666475296
185	-375.08432	63.092693	-249.90837	-569.94684	79.0	-157.2677	77.665596	5.711733	-286.13098	1860000	-0.009416338	1473.9304	-0.00011986308	-405.08536	0.6248654	1.5385678e-05	1655.3411831855774
186	-372.44235	63.301304	-242.22234	-552.17084	79.0	-159.0878	79.14951	10.096753	-303.5326	1870000	-0.012465467	1403.4905	-0.00016428228	-384.23608	0.62523115	3.4637833e-06	1663.78471493721
187	-374.85822	64.545204	-223.53252	-550.6644	79.0	-157.4045	79.43898	5.5341105	-304.6149	1880000	-0.014001545	1365.6348	-0.00046711788	-376.3343	0.62039334	5.665992e-06	1672.1060409545898
188	-372.04675	63.977135	-222.6717	-583.3578	79.0	-158.96352	80.432205	7.200854	-303.55225	1890000	-0.0077634836	1458.5122	-0.00018887874	-368.74664	0.6327622	3.4723405e-05	1680.511801481247
189	-362.1061	59.955315	-230.96764	-554.98535	79.0	-155.08522	79.230415	13.933266	-298.9573	1900000	-0.022306088	1304.8839	-0.00030710088	-389.39777	0.63180566	-0.00021793162	1689.107366323471
190	-371.07184	59.401825	-216.25711	-593.7478	79.0	-152.89183	78.75365	8.96664	-305.01807	1910000	-0.0053740903	1277.1819	-2.1165702e-05	-368.24716	0.63065547	2.5718768e-05	1698.312856912613
191	-365.21567	63.992012	-229.83986	-623.89056	79.0	-158.21075	79.82595	19.84921	-308.23727	1920000	-0.008009216	1524.8348	-9.13791e-05	-469.17548	0.6306981	-1.3849891e-05	1708.2010490894318
192	-362.51764	63.033928	-201.26393	-577.1898	79.0	-155.89197	79.568474	6.021566	-312.38614	1930000	-0.017106228	1589.7617	-0.00021681175	-513.51117	0.6314993	7.8381e-05	1716.7449705600739
193	-370.60794	70.91542	-204.71977	-595.6978	79.0	-153.0682	77.34353	10.057436	-299.8595	1940000	-0.005287329	2019.2058	-0.00014496315	-612.0151	0.63190687	1.00497045e-05	1725.895027399063
194	-369.94165	56.008587	-265.87125	-537.8822	79.0	-157.56613	78.043564	19.967813	-303.77106	1950000	-0.014131077	1300.1614	-0.00013923156	-369.90628	0.6235828	4.1289433e-05	1734.3415768146515
195	-366.81015	60.825695	-201.30223	-589.1959	79.0	-158.00148	81.31491	12.6282425	-302.5916	1960000	-0.01734696	1440.2322	-0.00014610961	-392.1666	0.6261281	7.775365e-05	1742.8331468105316
196	-375.42868	79.69957	-216.40488	-689.5024	79.0	-156.19008	77.6424	19.148407	-288.50436	1970000	-0.031066531	1976.1497	-0.0007857481	-612.62836	0.6255723	0.00017671712	1750.9870171546936
197	-369.32642	68.92582	-228.12552	-685.2477	79.0	-159.2784	81.9807	6.6730795	-310.634	1980000	-0.018864065	1741.6101	-0.00045581255	-582.70654	0.6266705	0.00038261682	1759.216540813446
198	-363.57724	55.523415	-221.91371	-540.4384	79.0	-154.80545	79.64054	9.363871	-310.47733	1990000	-0.0027706758	1283.612	-2.9002957e-05	-368.97974	0.6167606	0.00031345923	1767.526088476181
199	-366.63174	75.32123	-213.35805	-609.6273	79.0	-153.35918	78.92868	9.6887	-302.34442	2000000	-0.014878367	1825.1852	-0.00034937065	-416.86304	0.60761285	0.0003407526	1775.8022801876068
200	-358.68655	58.33866	-225.5416	-506.8531	79.0	-155.83183	78.55051	4.232462	-307.87976	2010000	-0.018963736	1451.4868	-9.4464864e-05	-419.04657	0.5976087	0.00035226622	1784.6368732452393
201	-366.9045	66.33363	-214.1706	-552.41223	79.0	-153.22197	75.882385	7.8213816	-270.0311	2020000	-0.020730972	1385.0288	2.5045592e-06	-291.47882	0.5913482	-5.2986907e-06	1793.3402948379517
202	-373.66733	72.29247	-232.88962	-599.7412	79.0	-160.28258	78.09925	9.878483	-281.967	2030000	-0.01161178	1706.314	-0.00019073923	-388.7055	0.583544	-5.869897e-05	1801.716148853302
203	-370.68237	60.683296	-245.21072	-532.7444	79.0	-155.69086	80.22247	13.938874	-298.94357	2040000	-0.016074108	1366.9001	-0.0002614027	-332.62976	0.58992267	-1.9429248e-05	1809.9022376537323
204	-377.2497	70.84483	-196.1716	-580.0452	79.0	-156.76773	80.182526	18.152184	-317.6864	2050000	-0.02053892	1670.0464	-0.0001924865	-413.61224	0.58197016	2.261074e-05	1818.179542541504
205	-366.77667	68.10719	-212.55084	-514.1625	79.0	-158.64743	80.62349	20.227798	-321.71912	2060000	-0.011978353	1551.2229	-3.9253384e-05	-345.09976	0.5878358	-2.3876892e-06	1826.9217960834503
206	-366.78345	70.89958	-207.87195	-554.04297	79.0	-156.93413	77.31683	11.755795	-302.5742	2070000	-0.020052556	1573.0288	-0.00017605105	-364.9897	0.5804962	5.860263e-05	1835.1736643314362
207	-371.25623	62.82167	-221.35098	-561.8148	79.0	-156.3491	78.50043	15.971174	-316.53683	2080000	-0.00752588	1491.9408	-0.0005881924	-430.7331	0.5831754	0.00013662237	1843.3599643707275
208	-365.5844	62.995586	-225.77274	-566.25226	79.0	-156.61118	78.37269	15.452844	-305.36337	2090000	-0.027643105	1541.8159	-0.00042647962	-366.5857	0.5992451	0.00020551638	1851.4590690135956
209	-371.69394	61.591766	-261.06155	-555.646	79.0	-156.73793	76.40888	21.413395	-277.73218	2100000	-0.0039058104	1456.2429	-0.00045513245	-325.2954	0.6029784	-7.0227055e-05	1859.6978385448456
210	-375.77643	72.05691	-227.64433	-683.38806	79.0	-160.16422	77.73876	7.682873	-290.20102	2110000	-0.017542958	1717.6887	-0.00011876202	-370.04288	0.5999029	-0.00014093138	1867.7512998580933
211	-382.731	71.53101	-218.23947	-572.0178	79.0	-159.96167	78.81927	9.396517	-320.0284	2120000	-0.0075317454	1523.3193	-0.00064969994	-294.19366	0.6033186	-4.5176188e-05	1875.8341023921967
212	-365.85864	68.60557	-207.8207	-584.24805	79.0	-163.13817	82.42179	14.5414295	-317.69424	2130000	-0.014527291	1687.6039	-0.00017901429	-378.2521	0.6012335	0.00046245215	1884.0452241897583
213	-367.25793	64.123245	-232.80867	-524.7201	79.0	-157.16496	77.96637	12.011533	-292.38907	2140000	-0.026876489	1406.8276	1.5398953e-05	-262.9309	0.6133454	6.1006507e-05	1893.092883348465
214	-374.24564	67.132225	-241.9603	-643.123	79.0	-157.74475	78.98742	7.5934663	-305.5242	2150000	-0.010541245	1488.738	-0.000118541066	-391.70258	0.6185395	-1.4454345e-06	1901.3409550189972
215	-381.61383	60.067047	-253.33842	-576.609	79.0	-159.41653	80.43182	10.850507	-316.50638	2160000	-0.033885337	1420.261	-0.00017098803	-374.11517	0.6187193	-7.386768e-05	1909.5250716209412
216	-373.41016	62.589428	-236.25844	-541.4225	79.0	-166.34096	80.00713	15.026865	-303.99258	2170000	-0.0014460608	1370.4622	-0.00013054628	-360.19153	0.61699235	3.7585956e-05	1917.8009033203125
217	-373.07007	60.726692	-238.02013	-538.73737	79.0	-158.81343	78.33784	10.376675	-315.7423	2180000	-0.0015179799	1365.791	-0.0002701953	-331.96902	0.61691064	-7.723322e-05	1925.9111776351929
218	-376.93088	72.25706	-227.91432	-638.1921	79.0	-157.69296	78.96467	9.906263	-297.38132	2190000	0.0013430957	1649.8359	-0.00024365878	-453.44052	0.6203605	5.2642084e-05	1934.0595726966858
219	-364.0126	56.500412	-222.87772	-520.95355	79.0	-158.61075	81.75919	16.761806	-322.29904	2200000	-0.030330012	1511.4817	-0.00049783394	-506.1095	0.60517097	-5.10908e-05	1942.4580583572388
220	-363.1108	67.59768	-197.90924	-540.5121	79.0	-155.85757	77.30876	9.193352	-293.80618	2210000	-0.017869966	1481.5079	-0.0003543148	-296.54077	0.6105158	0.00047613628	1952.1869401931763
221	-366.60403	66.674774	-224.09915	-550.30597	79.0	-154.31874	76.52193	10.745649	-288.092	2220000	-0.018225763	1397.0232	-0.00062327133	-231.9883	0.6113652	0.0008392487	1960.3704407215118
222	-370.3605	66.33328	-217.9636	-577.662	79.0	-155.63306	78.34048	13.602399	-308.32938	2230000	-0.021320567	1431.3969	-0.00020180177	-308.32733	0.59292376	0.00012832324	1968.576376914978
223	-356.67166	63.919876	-188.33727	-590.6589	79.0	-157.39682	80.28942	12.865987	-325.34628	2240000	-0.018026326	1625.5867	-0.0004268454	-347.59018	0.58713746	0.00077145296	1978.4488461017609
224	-370.24786	74.86046	-180.83954	-606.9351	79.0	-150.74452	75.06698	12.316109	-273.76965	2250000	-0.01258958	1759.7913	0.00023292098	-352.14545	0.5862695	0.00013064273	1987.365180015564
225	-357.51462	63.461796	-227.30287	-533.08936	79.0	-157.86261	78.85289	29.362148	-294.86215	2260000	-0.008282107	1431.1296	-0.00020357117	-306.30933	0.57486427	3.3202028e-05	1995.6218004226685
226	-362.62027	70.63446	-205.50815	-592.8958	79.0	-152.56343	76.56657	11.148031	-285.92218	2270000	-0.007549621	1570.7478	-0.00030902168	-375.91528	0.5943015	2.4443321e-05	2004.1927499771118
227	-364.39243	66.23521	-208.41495	-550.7091	79.0	-152.54817	78.8958	8.69379	-309.25476	2280000	-0.012212338	1605.8062	-0.00019801408	-390.38586	0.57856715	0.0001692893	2013.3248784542084
228	-361.18555	64.44696	-211.69946	-611.2036	79.0	-156.79726	76.976425	13.6198635	-282.1349	2290000	-0.008951543	1486.9507	-5.745885e-05	-279.52618	0.58083344	1.3312354e-05	2021.6898097991943
229	-366.81842	54.326183	-252.54237	-529.63477	79.0	-155.80789	77.693275	10.007162	-297.17914	2300000	-0.009799704	1320.6868	-0.00035231002	-264.02356	0.5776411	0.00038460732	2029.9034917354584
230	-358.5815	58.820763	-215.32892	-532.8738	79.0	-157.97812	76.31706	18.145746	-282.48633	2310000	-0.012426618	1319.3862	-0.00037296582	-291.07886	0.5863098	0.00040497555	2038.1003420352936
231	-370.40115	66.97238	-224.92693	-542.52795	79.0	-154.02283	75.16317	10.761007	-292.74918	2320000	-0.0042073727	1628.02	-0.00018551084	-428.13525	0.59580064	0.00018089294	2046.2225239276886
232	-359.85568	66.94934	-218.7452	-619.6896	79.0	-153.44691	78.74874	17.054138	-323.9696	2330000	-0.030613866	1497.0679	-0.00010132766	-318.934	0.5938848	2.180523e-05	2054.475729227066
233	-368.0389	69.21875	-205.0607	-522.93134	79.0	-155.55414	76.92785	12.06784	-316.40414	2340000	-0.006546405	1640.1736	-0.00032309908	-380.71674	0.60478425	0.00018222322	2062.7560291290283
234	-365.2294	61.391968	-214.36513	-517.77313	79.0	-156.24188	77.64292	15.526654	-324.00494	2350000	-0.011578492	1508.0503	-0.00021839188	-329.06647	0.5971284	0.00032470058	2072.041007041931
235	-370.45895	65.63944	-217.27989	-597.41864	79.0	-157.81438	78.046394	3.770578	-285.84335	2360000	-0.006168233	1474.8088	-0.00025036436	-329.69107	0.6205192	-8.494113e-06	2080.8274829387665
236	-362.3914	55.963997	-227.12326	-561.4431	79.0	-156.52644	80.0294	8.8054905	-307.6374	2370000	-0.032060828	1167.7546	-0.000105308834	-266.3111	0.6255598	5.936747e-05	2089.367645263672
237	-360.27896	59.122414	-208.7304	-568.0584	79.0	-154.43085	75.41887	6.578359	-287.6613	2380000	-0.008868363	1203.1941	-0.00020719599	-221.26686	0.62127423	1.4503807e-05	2100.947678565979
238	-356.81253	66.55536	-172.91985	-587.10913	79.0	-154.149	75.18273	7.439374	-290.05496	2390000	-0.022379084	1375.7604	-0.0002608681	-310.60977	0.61353815	2.5839e-05	2110.397125720978
239	-370.2158	74.00688	-224.5563	-621.9817	79.0	-157.27252	76.6711	15.176678	-313.2746	2400000	-0.00055447593	1624.0391	-0.00013772422	-381.105	0.6122994	3.612729e-05	2119.068783044815
240	-375.8785	66.976135	-192.38765	-605.4986	79.0	-158.91187	78.189995	12.514063	-323.3137	2410000	-0.019816676	1488.259	-0.00023945505	-308.47974	0.5969473	9.167793e-05	2129.0479040145874
241	-360.48337	65.332954	-232.59534	-585.5983	79.0	-159.84875	78.51909	7.555428	-318.18628	2420000	-0.007940549	1375.7562	-0.00022494653	-312.7205	0.5988495	4.2593572e-05	2137.777110338211
242	-361.47562	67.7064	-153.87193	-541.81964	79.0	-153.40112	77.6158	0.8349881	-316.16183	2430000	-0.010450911	1693.6512	-9.071424e-05	-379.1712	0.59874463	9.38525e-05	2145.895453929901
243	-353.72662	62.315353	-212.67393	-507.03357	79.0	-153.129	76.23473	5.6194096	-305.25906	2440000	-0.012704239	1590.9851	-0.00033300265	-362.2523	0.589912	-0.00011368329	2154.465862751007
244	-355.3602	56.78808	-216.48442	-536.5102	79.0	-150.20435	77.08746	7.117116	-281.1946	2450000	0.0021156874	1448.6372	-0.00016374374	-338.17462	0.60166055	2.824844e-05	2163.3224420547485
245	-369.12827	62.18205	-253.93983	-599.19507	79.0	-150.27632	75.49732	10.867495	-279.8188	2460000	-0.00841349	1564.3967	-0.00022561243	-657.327	0.5998316	4.086025e-05	2171.9467561244965
246	-357.55862	54.873383	-237.37498	-531.7097	79.0	-157.6305	79.42468	32.108444	-307.09036	2470000	-0.021777581	1427.5856	-0.00030313805	-491.85703	0.5948534	6.5067725e-05	2180.247918367386
247	-357.9259	53.978226	-229.56984	-522.86505	79.0	-151.60872	75.97971	15.164509	-277.8391	2480000	-0.013615112	1157.3774	-0.0003201529	-227.91566	0.5956867	8.3390456e-05	2189.352648973465
248	-368.64096	61.49927	-254.29355	-573.603	79.0	-150.1216	77.470184	18.704012	-271.99933	2490000	-0.007334262	1315.9479	-0.00028481137	-272.37433	0.6053939	0.0001463456	2198.0011715888977
249	-362.56458	68.10723	-213.92717	-585.9769	79.0	-156.6811	78.36226	3.7450829	-284.56165	2500000	-0.021434693	1524.445	-0.0002332367	-268.91376	0.5967389	-2.4366745e-05	2206.833764076233
250	-371.47235	72.385796	-196.71782	-636.0685	79.0	-156.79694	79.875885	2.9349566	-288.63092	2510000	-0.018083107	1767.6182	-6.697746e-05	-346.7968	0.602477	0.00017625169	2215.142796754837
251	-351.77853	70.58117	-206.71375	-570.34827	79.0	-156.68242	79.15783	27.220798	-286.9363	2520000	-0.012867283	1682.8688	-1.568254e-05	-489.79822	0.6204742	0.00017672066	2233.625739336014
252	-365.22202	56.59102	-228.96649	-511.82275	79.0	-148.23453	76.15803	7.9946136	-293.34088	2530000	-0.016694322	1472.8291	-0.00024051638	-465.99744	0.62273	7.500929e-05	2245.9553310871124
253	-365.24496	70.28087	-210.2955	-598.5431	79.0	-154.88992	76.44319	11.6893015	-291.14325	2540000	-0.02081427	1773.5468	-0.00033528823	-511.89838	0.61760354	0.0001931048	2258.227617263794
254	-366.48386	70.98886	-229.58206	-554.3189	79.0	-155.7483	78.65159	15.231861	-299.37994	2550000	-0.027137563	1529.3811	-0.00022657786	-370.15442	0.617483	0.00017364095	2268.2886259555817
255	-367.88654	63.815456	-185.78673	-605.0989	79.0	-155.66455	78.39937	11.73501	-302.96844	2560000	-0.019789193	1493.9924	-0.00017760217	-361.4778	0.62009615	-2.2204065e-05	2278.1547858715057
256	-362.52316	62.700844	-198.58553	-603.4806	79.0	-157.87074	78.78611	5.961308	-295.87277	2570000	-0.019857295	1559.4772	-0.00023175869	-384.239	0.6220896	8.7569875e-05	2287.2892141342163
257	-362.99557	59.03018	-209.56891	-555.5098	79.0	-153.55084	75.858086	15.808506	-302.00412	2580000	-0.010575651	1259.3774	-0.0003267948	-281.79617	0.6139862	4.2007112e-05	2295.709532022476
258	-361.1503	61.308235	-197.73413	-568.96173	79.0	-156.00275	76.22309	31.65923	-284.9049	2590000	-0.0042210817	1272.3376	-0.00045463815	-266.39203	0.6298193	0.00026991637	2304.179618835449
259	-367.50952	65.8941	-180.65099	-574.5461	79.0	-154.29349	77.22631	15.702856	-282.90085	2600000	-0.017929196	1583.9629	-0.00036611315	-382.13446	0.6089661	-0.00014678689	2313.0089750289917
260	-355.9008	52.806778	-227.7808	-508.39462	79.0	-156.18279	77.460236	13.588965	-287.61813	2610000	-0.025034904	1398.604	-0.00024867896	-401.3811	0.6089349	0.0002950246	2322.2233748435974
261	-360.45663	65.46227	-238.5052	-564.61633	79.0	-150.61497	74.16861	5.500605	-271.55316	2620000	-0.009380911	1568.7634	-3.0608382e-05	-396.1028	0.60091	0.00035060215	2330.1214652061462
262	-358.71585	57.799866	-215.3494	-534.05225	79.0	-153.8622	76.81893	16.707043	-298.85837	2630000	-0.016242243	1296.6758	-0.0002759043	-262.40118	0.59982896	0.0002485504	2337.992612361908
263	-364.23862	72.79942	-193.10204	-584.6153	79.0	-153.91386	76.27475	8.496735	-283.1183	2640000	-0.017425245	1734.5751	-0.00017524231	-347.63562	0.59348	0.0005339761	2345.8164463043213
264	-362.67105	62.14402	-212.10025	-532.9841	79.0	-154.67374	77.10632	7.4134393	-289.55276	2650000	0.0002786843	1483.987	-6.710086e-05	-352.1562	0.57555014	-7.717144e-05	2353.7878403663635
265	-360.00464	66.48959	-234.85382	-553.2556	79.0	-154.53523	79.1753	22.806116	-295.11627	2660000	-0.025225062	1615.5962	-0.00012472458	-466.42905	0.5943946	-1.9276298e-05	2361.680998802185
266	-360.35535	66.892784	-167.66957	-556.4279	79.0	-153.03502	77.1719	16.971388	-287.6334	2670000	-0.021427736	1486.7982	-0.0001242049	-405.50983	0.59100634	1.4097874e-05	2370.047216653824
267	-373.30093	61.56303	-196.24353	-549.6596	79.0	-158.32922	78.219826	22.604147	-296.85843	2680000	-0.0011341795	1512.3845	-0.00018136541	-391.25415	0.59976554	-1.4954909e-05	2383.22856092453
268	-361.23956	61.545513	-211.0952	-500.6654	79.0	-161.07013	79.02662	11.431875	-312.20374	2690000	-0.001056537	1537.6177	-0.00027358183	-402.49738	0.58497673	8.2978615e-05	2391.945138692856
269	-358.7149	74.69092	-212.67805	-632.21985	79.0	-153.90524	77.9033	9.43227	-291.01532	2700000	-0.025190298	1780.9465	-9.555023e-05	-392.9832	0.5956845	0.00019413051	2400.0513095855713
270	-365.22546	64.101456	-200.69777	-560.52637	79.0	-151.54382	76.663635	21.992554	-289.75507	2710000	-0.020763	1499.8636	-0.00023927377	-438.26855	0.60484326	-3.4963377e-06	2408.330970287323
271	-358.6679	68.60897	-186.83955	-626.8567	79.0	-157.39285	76.70104	20.119514	-283.56854	2720000	-0.018681053	1674.9055	-8.500437e-05	-348.554	0.5937016	-0.00014583187	2416.983213663101
272	-352.41956	63.10619	-197.33818	-517.7085	79.0	-153.46872	76.441414	10.257254	-279.9438	2730000	-0.012203671	1498.8413	-0.000147779	-333.82574	0.5916418	7.7512304e-05	2425.651015520096
273	-360.62796	59.47556	-216.37859	-518.093	79.0	-151.12018	74.555916	13.47805	-268.186	2740000	-0.015827266	1500.3793	-0.0005167527	-395.23358	0.5988349	0.00018893751	2434.37233543396
274	-359.92123	56.228336	-223.95102	-559.7916	79.0	-151.7721	76.29127	16.802881	-286.32632	2750000	-0.015502787	1313.2803	-0.0001367266	-365.20493	0.5978699	8.5174324e-05	2442.518305540085
275	-357.65125	63.65799	-192.36131	-558.9185	79.0	-155.20192	75.28971	10.233973	-279.86676	2760000	-0.019493058	1678.2104	-0.0001685489	-370.70575	0.60014075	0.0001502877	2451.2476053237915
276	-374.459	73.46769	-261.4413	-718.5778	79.0	-153.70468	75.8593	17.606833	-303.97635	2770000	-0.006721276	1769.1921	-7.091276e-05	-531.3454	0.59334046	6.650401e-05	2461.2038180828094
277	-354.36273	71.30529	-169.05695	-649.5343	79.0	-160.08228	80.808876	16.21308	-322.8335	2780000	-0.031388327	1751.5475	-0.0006096142	-505.51205	0.5873863	0.00034604134	2470.5995831489563
278	-369.06198	64.75565	-214.53818	-613.2615	79.0	-150.36246	75.11504	10.82159	-295.4563	2790000	-0.015863083	1668.234	-5.9534563e-05	-457.53604	0.58793247	-4.9541093e-05	2489.669198989868
279	-361.8573	62.55566	-228.18716	-509.73923	79.0	-155.99602	77.95707	11.418223	-315.93195	2800000	-0.0050670677	1475.2827	-7.010263e-05	-364.99042	0.5824267	0.00018671746	2501.0034284591675
280	-362.71878	65.46623	-218.9666	-560.3624	79.0	-156.01497	78.66837	11.497292	-288.1538	2810000	-0.011911861	1566.0586	-0.00023735687	-402.72137	0.5862185	0.00026771455	2512.7846670150757
281	-358.4174	69.64965	-198.3944	-534.69446	79.0	-154.76	78.75839	11.93012	-300.78445	2820000	-0.011448834	1609.1821	-8.0731814e-05	-404.43997	0.56450194	-8.561172e-05	2523.1448249816895
282	-347.69196	54.80385	-195.51906	-518.25085	79.0	-151.87785	77.84953	10.833069	-285.0073	2830000	-0.01517065	1292.4147	-0.00011473638	-341.4459	0.56644297	2.1487e-05	2537.048369407654
283	-355.77917	69.74995	-222.01799	-603.11005	79.0	-148.70546	73.31679	14.6197605	-269.401	2840000	-0.011112401	1631.0269	-0.00012402458	-347.8675	0.57462883	2.2719767e-05	2553.1476650238037
284	-352.25256	58.1739	-215.04227	-651.4075	79.0	-151.00426	75.31135	17.678928	-298.74548	2850000	-0.02232277	1372.386	-0.00012492528	-298.73407	0.57667595	-9.715379e-06	2564.562916278839
285	-349.22894	57.418194	-220.26704	-475.5861	79.0	-150.05975	75.07816	12.320238	-270.0155	2860000	-0.03344255	1180.2537	-0.00021932108	-199.85905	0.5659672	3.696014e-05	2576.360067844391
286	-363.03314	55.561913	-210.58237	-543.2018	79.0	-150.64882	73.7166	7.3329353	-268.1991	2870000	-0.013380149	1274.9269	-0.00023394893	-304.1314	0.5665786	0.00016534177	2586.0030665397644
287	-351.3382	63.149025	-182.31421	-518.1318	79.0	-154.37958	76.72861	13.340648	-293.8181	2880000	-0.017415043	1440.9434	-0.00015177391	-305.3928	0.5573746	0.000107071675	2595.119908094406
288	-348.43155	56.240017	-237.97382	-507.0254	79.0	-149.21132	75.18679	18.246357	-275.51364	2890000	-0.022505589	1180.3315	-0.000121039804	-203.40941	0.56370836	-4.3085027e-05	2603.9981627464294
289	-358.95093	58.078434	-205.34265	-524.5492	79.0	-150.39142	73.60026	20.865751	-276.82327	2900000	-0.0037760008	1297.231	-0.00011864561	-327.10925	0.5682312	-6.0581508e-05	2612.776631832123
290	-355.31805	59.76949	-198.08221	-550.30444	79.0	-153.8165	74.28558	24.025751	-272.1539	2910000	-0.021112457	1391.1973	-0.000146484	-277.19128	0.57013273	-5.226727e-05	2620.7839365005493
291	-364.04553	61.674316	-199.40552	-618.0771	79.0	-152.83786	74.52778	20.617577	-275.70917	2920000	-0.020353751	1335.4136	-0.000108551234	-294.07697	0.56525534	5.194871e-05	2628.7600643634796
292	-362.55496	63.134335	-221.44931	-526.39856	79.0	-154.29128	75.94149	10.069635	-299.95297	2930000	-0.013352256	1316.7405	-0.00020521577	-286.10065	0.5622355	1.4309687e-06	2636.898474931717
293	-354.1404	60.968063	-218.32155	-539.25555	79.0	-155.80185	77.49458	11.086239	-321.58377	2940000	-0.024375176	1281.9587	-0.00040894584	-273.10626	0.5637187	-4.3384436e-05	2645.109549999237
294	-358.94397	61.196686	-218.14069	-497.59607	79.0	-151.01047	75.175865	31.084854	-284.95184	2950000	-0.013156323	1433.4658	-4.65177e-05	-308.19028	0.56194633	-0.00012508078	2653.2573659420013
295	-361.40012	70.62298	-213.22284	-568.1955	79.0	-153.66112	76.09938	20.515034	-298.26804	2960000	-0.024154715	1684.4731	-0.00012058695	-353.21674	0.560364	5.2978357e-05	2661.459168434143
296	-365.28806	64.52411	-181.07274	-587.8502	79.0	-154.04433	78.11338	15.638852	-296.04663	2970000	-0.015571908	1490.4362	-0.0005263905	-375.03772	0.5657793	0.0001643252	2670.287014722824
297	-350.9988	65.9274	-151.58656	-522.5431	79.0	-154.94072	76.92673	19.503263	-311.9365	2980000	-0.020301789	1656.5833	-0.00019404183	-404.28894	0.5572803	9.8820165e-05	2678.270247936249
298	-365.37943	60.47811	-241.72073	-519.9779	79.0	-149.41568	75.44533	10.501314	-309.17062	2990000	-0.0127192885	1243.9943	-0.0002005139	-355.08154	0.5573786	-5.32524e-05	2686.329214811325
299	-355.5586	68.732666	-221.20276	-583.8614	79.0	-155.94261	79.4364	18.099163	-332.19342	3000000	-0.029511906	1631.6309	-8.9175825e-05	-475.469	0.56490535	-2.6091402e-06	2695.282121896744
