Epoch	AverageEpRet	StdEpRet	MaxEpRet	MinEpRet	EpLen	AverageVVals	StdVVals	MaxVVals	MinVVals	TotalEnvInteracts	LossPi	LossV	DeltaLossPi	DeltaLossV	Entropy	KL	ClipFrac	StopIter	Time
0	-553.40625	83.19244	-316.5435	-720.4515	79.0	-0.29452494	0.35230002	0.92547363	-1.4391298	10000	2.7939677e-08	66347.5	-0.01005174	-5926.5366	1.0979071	0.017186413	0.14565827	17.0	5.215808629989624
1	-533.3434	74.18511	-355.06354	-707.0811	79.0	-13.668033	0.37093896	-9.638688	-13.847296	20000	3.8184226e-08	54229.824	-0.005106643	-2225.1106	1.1918772	0.017028918	0.1792717	8.0	8.78877329826355
2	-497.16364	77.088264	-326.0135	-678.99194	79.0	-19.363176	0.15863647	-16.707466	-19.42084	30000	2.6077032e-08	45683.0	-0.016170844	-1828.293	1.2490109	0.015090135	0.17436974	76.0	13.581670045852661
3	-472.86658	71.905106	-260.9764	-674.33026	79.0	-24.427666	0.14165382	-21.300386	-24.469412	40000	-7.326404e-08	38581.574	-0.0075303637	-1548.7787	1.2670847	0.015404866	0.18997599	12.0	17.67595648765564
4	-480.1983	74.95822	-318.6147	-649.12396	79.0	-29.130264	0.1834703	-25.887024	-29.177448	50000	-3.9115548e-08	38325.703	-0.01839527	-1540.1381	1.2861295	0.011406402	0.14905961	79.0	22.899522066116333
5	-463.85397	77.37224	-271.49075	-663.9104	79.0	-33.783882	0.60042465	-22.477974	-33.910885	60000	2.2351742e-08	35029.645	-0.01999593	-1458.7975	1.2724209	0.013479958	0.1642657	79.0	28.620764017105103
6	-453.66403	76.83389	-275.4172	-687.64453	79.0	-37.86737	2.9844556	-2.9895983	-38.56291	70000	4.5945246e-08	31740.072	-0.022000447	-1333.1722	1.2459042	0.01471069	0.14745899	79.0	33.05378222465515
7	-430.87408	75.725044	-200.29295	-630.5996	79.0	-41.518105	6.160223	9.724395	-43.060795	80000	1.8502276e-07	27105.88	-0.019888686	-1142.541	1.2434582	0.0074169696	0.115246095	79.0	37.10059189796448
8	-420.75412	80.35568	-218.27618	-641.86115	79.0	-45.33291	7.4852715	13.731439	-47.308727	90000	1.899898e-07	24783.49	-0.022322876	-1052.0306	1.2116753	0.012437982	0.15816326	79.0	41.11764216423035
9	-417.66614	76.15537	-158.22144	-579.1849	79.0	-48.62307	9.699066	14.857806	-51.437325	100000	1.2417634e-08	23238.275	-0.02211786	-1004.2624	1.1788267	0.012644783	0.16086435	79.0	45.89909839630127
10	-405.1489	77.359116	-234.58888	-616.94727	79.0	-52.458546	10.200603	17.839363	-55.523903	110000	6.146729e-08	21002.924	-0.023183165	-920.7793	1.1443056	0.012078494	0.1657663	79.0	49.71410632133484
11	-393.1867	77.1703	-182.14046	-635.6228	79.0	-56.105415	11.175105	14.084997	-59.49871	120000	1.17967524e-07	19305.146	-0.023214614	-848.0159	1.1100954	0.014757519	0.16806722	79.0	54.07896161079407
12	-368.94885	65.62896	-216.74385	-562.4497	79.0	-59.02859	12.842251	30.053047	-63.35747	130000	3.973643e-08	14633.456	-0.021575356	-669.6465	1.0473725	0.009731277	0.12304922	79.0	59.57110285758972
13	-353.24857	71.64208	-132.98207	-605.66266	79.0	-61.87665	14.333722	15.879281	-66.8528	140000	3.1044085e-08	12691.464	-0.021269219	-554.9429	1.0107175	0.008415767	0.11554622	79.0	64.94277811050415
14	-354.46576	74.324	-178.44601	-515.7635	79.0	-64.18773	15.513194	18.449867	-70.062515	150000	-4.346172e-08	12572.573	-0.020970844	-584.7031	0.9752739	0.008402524	0.12685074	79.0	69.2696578502655
15	-336.4919	72.05943	-155.22238	-515.3231	79.0	-66.782974	16.517672	11.36393	-73.36288	160000	1.8626451e-09	10269.224	-0.02126353	-483.37695	0.93800044	0.0102252895	0.12765107	79.0	73.85166764259338
16	-326.55972	66.76604	-176.40604	-492.6868	79.0	-69.729546	17.242277	24.73691	-76.41517	170000	4.035731e-08	8813.68	-0.020229107	-423.475	0.9107931	0.010240763	0.109643854	79.0	78.99621105194092
17	-313.99585	70.61833	-157.88663	-489.8122	79.0	-72.32823	17.730453	28.594208	-79.32105	180000	7.698933e-08	7981.16	-0.018616859	-385.6036	0.8846812	0.010074377	0.10024009	79.0	83.49452328681946
18	-303.78918	60.788017	-163.75839	-465.43213	79.0	-74.15644	19.297943	32.932587	-82.11145	190000	-4.40826e-08	6503.479	-0.019488664	-321.19003	0.85828716	0.010527371	0.098239295	79.0	87.50810837745667
19	-300.07446	67.11264	-160.90959	-581.4541	79.0	-75.32593	20.417376	4.1984086	-84.66109	200000	-6.953875e-08	6206.733	-0.021492163	-295.37717	0.8216297	0.0119732665	0.12174869	79.0	92.26350665092468
20	-300.18686	68.44013	-171.13864	-512.29504	79.0	-77.45538	21.15342	14.088544	-87.13403	210000	-3.973643e-08	5731.8184	-0.021442482	-287.5808	0.81532925	0.010605165	0.11484593	79.0	97.36848306655884
21	-281.07156	65.07497	-163.08345	-479.61328	79.0	-79.11126	22.704042	12.199466	-89.57426	220000	-8.692344e-09	4455.359	-0.018811371	-223.24736	0.7594082	0.0066953637	0.083533406	79.0	102.5286180973053
22	-275.61734	62.53916	-153.8832	-485.95795	79.0	-79.78783	23.84843	13.467119	-91.692085	230000	-4.9670536e-08	3963.343	-0.01917751	-215.78174	0.7248543	0.008185052	0.090536214	79.0	108.27794098854065
23	-276.23605	66.650795	-125.11325	-474.5648	79.0	-81.681175	23.80691	7.4814453	-93.7522	240000	6.208817e-08	3886.4841	-0.019670844	-198.5127	0.68075854	0.012005811	0.101840734	79.0	113.11368727684021
24	-261.69965	61.963142	-141.27902	-453.57846	79.0	-83.37522	24.43451	9.0408745	-95.752815	250000	9.4684465e-09	2959.7532	-0.019977225	-178.81091	0.6820533	0.00995484	0.099039614	79.0	117.15527939796448
25	-262.97562	60.69278	-156.26907	-419.17603	79.0	-83.48043	24.670938	7.913707	-97.51197	260000	-4.967054e-09	3135.9414	-0.019577023	-203.7183	0.6366941	0.011257723	0.105242096	79.0	121.43033146858215
26	-244.14005	57.397713	-118.28716	-427.24945	79.0	-85.07052	26.06989	10.030859	-99.26748	270000	1.4901161e-08	2226.7507	-0.020036194	-210.3824	0.62923896	0.009504516	0.0932373	79.0	125.18312501907349
27	-251.84393	68.82863	-123.92195	-467.7002	79.0	-83.64577	26.955029	11.973706	-100.6495	280000	-7.450581e-09	2671.0305	-0.018738942	-174.93158	0.6270309	0.009700089	0.09943977	79.0	128.9473476409912
28	-245.73352	64.07442	-113.488144	-383.32147	79.0	-85.851364	27.117224	10.345402	-102.14749	290000	-7.450581e-09	2228.1956	-0.019239152	-137.90108	0.60800904	0.011861543	0.09663865	79.0	132.834969997406
29	-254.0137	68.92584	-122.33173	-438.9439	79.0	-85.04448	28.308693	12.302462	-103.533356	300000	-3.4769375e-08	2618.2488	-0.018219382	-165.86078	0.60232836	0.009275551	0.08453381	79.0	137.4027271270752
30	-236.29547	61.558117	-145.46408	-399.4038	79.0	-87.6109	28.010788	9.263403	-105.16491	310000	-1.7074248e-09	1795.5923	-0.019302301	-153.75385	0.58488244	0.009989072	0.10304121	79.0	141.82683205604553
31	-226.16496	71.67146	-118.59145	-408.5534	79.0	-83.73692	29.640692	12.939327	-106.359955	320000	-2.9802322e-08	1851.6641	-0.018940514	-146.33237	0.531385	0.010431324	0.094737895	79.0	146.2869312763214
32	-223.30109	62.95885	-128.5853	-439.06192	79.0	-83.91365	30.460588	14.994934	-107.40435	330000	-1.4901161e-08	1689.6432	-0.017882353	-165.8708	0.5192158	0.012069888	0.10364145	79.0	150.37113213539124
33	-217.83331	57.934757	-112.22095	-403.2879	79.0	-84.89508	29.572966	8.606704	-108.3376	340000	-1.1175871e-08	1303.4323	-0.017570125	-109.28121	0.50178033	0.010484591	0.08453381	79.0	154.96897149085999
34	-212.09251	52.355396	-108.46582	-401.11545	79.0	-84.2001	30.138895	7.3694887	-109.172035	350000	9.934108e-09	1107.1093	-0.018773416	-92.437775	0.49663273	0.012766144	0.10064026	79.0	159.61145424842834
35	-204.21605	53.307175	-112.695595	-364.34686	79.0	-82.583824	30.843147	15.2755375	-109.912605	360000	-2.2351742e-08	1067.1344	-0.016427958	-135.74303	0.48858032	0.0076081674	0.07653061	79.0	165.42707014083862
36	-205.88283	55.670067	-118.299446	-554.9616	79.0	-82.128914	30.882505	6.529142	-110.45451	370000	-3.4769375e-08	1113.7352	-0.0183781	-131.59346	0.5134458	0.011122129	0.099239685	79.0	169.45045924186707
37	-203.3965	58.704952	-99.55724	-430.52585	79.0	-81.8702	31.533335	10.521355	-111.079506	380000	1.6142925e-08	1098.4774	-0.019318813	-133.7436	0.4692258	0.012789786	0.09943978	79.0	173.611487865448
38	-196.17876	49.028233	-103.371254	-334.0702	79.0	-79.24763	32.497604	4.069343	-111.682335	390000	-2.483527e-09	825.389	-0.018454531	-152.15593	0.456802	0.009020838	0.077831134	79.0	178.32522988319397
39	-192.87627	56.628433	-98.03216	-395.57687	79.0	-77.27521	33.337322	10.270591	-112.09462	400000	1.4901161e-08	1044.8353	-0.018469857	-207.67436	0.44646063	0.008553729	0.09083634	79.0	182.46072363853455
40	-185.48515	47.640858	-105.97996	-355.22183	79.0	-77.05048	33.3249	4.9709635	-112.51082	410000	-9.934108e-09	723.30963	-0.018253786	-159.76689	0.43296182	0.0100421915	0.087535016	79.0	186.4790394306183
41	-187.7426	55.74223	-109.992226	-373.08713	79.0	-77.64395	33.476868	1.3552208	-112.87993	420000	-3.7252903e-09	972.29156	-0.019843465	-183.97815	0.46151653	0.009262018	0.09103642	79.0	191.09168982505798
42	-188.64996	50.32356	-104.69818	-317.82343	79.0	-73.88058	33.375378	7.419208	-113.27477	430000	-2.483527e-09	746.8488	-0.018066563	-112.822	0.44732162	0.0068479194	0.088335335	79.0	196.5156605243683
43	-184.08994	52.77189	-99.99256	-344.2982	79.0	-75.564285	32.936417	5.3270006	-113.67324	440000	-9.934108e-09	832.6433	-0.016444625	-127.76377	0.4132105	0.009248582	0.088135265	79.0	201.33025074005127
44	-175.67451	46.26667	-103.8767	-340.07275	79.0	-75.470634	33.373314	8.435355	-114.021065	450000	7.450581e-09	668.5581	-0.015952852	-118.249756	0.39957675	0.007756101	0.07613045	79.0	207.1524715423584
45	-174.80927	45.07642	-98.488304	-337.03702	79.0	-72.94533	32.932354	3.7225444	-114.25655	460000	-1.9868216e-08	703.5103	-0.01584111	-153.56128	0.41934085	0.0064772666	0.075730294	79.0	211.13667178153992
46	-184.65001	50.017483	-105.27166	-369.02148	79.0	-73.44813	32.911583	26.098026	-114.45675	470000	-1.6142925e-08	778.91766	-0.017422743	-130.99294	0.43440184	0.008993735	0.08683473	79.0	216.40407538414001
47	-175.40184	49.02907	-87.33022	-328.64893	79.0	-74.623764	33.971386	5.7161694	-114.75814	480000	4.967054e-09	765.2823	-0.016102923	-161.12572	0.39776054	0.007482965	0.07753102	79.0	220.12477469444275
48	-161.4649	44.42536	-93.042984	-329.47528	79.0	-71.27538	34.209652	2.7844558	-115.034515	490000	8.692344e-09	598.467	-0.016335	-147.97765	0.3886472	0.010638613	0.07753102	79.0	224.1880819797516
49	-169.29129	45.75105	-90.27151	-325.51962	79.0	-68.22622	32.365093	5.2927017	-115.160324	500000	1.1796753e-08	687.20233	-0.017034194	-149.12163	0.39401868	0.009202463	0.08233293	79.0	227.9494776725769
50	-163.96873	43.646915	-98.66023	-327.47794	79.0	-69.732506	34.350117	4.3317194	-115.31612	510000	0.0	578.96466	-0.017474374	-122.87881	0.38628116	0.0077939867	0.0832333	79.0	231.78208470344543
51	-173.77747	44.651894	-97.52645	-299.8075	79.0	-66.36228	33.005848	7.5945916	-115.37431	520000	-9.934108e-09	647.4135	-0.016861854	-127.747284	0.37812462	0.0083899805	0.082633056	79.0	236.33741998672485
52	-161.2565	40.38074	-96.89699	-326.272	79.0	-69.501015	34.88237	5.699579	-115.63039	530000	2.483527e-09	589.13696	-0.01589919	-109.71482	0.34123978	0.009283906	0.081932776	79.0	241.1780333518982
53	-155.73108	37.96569	-93.73376	-312.09875	79.0	-66.771255	34.021362	7.5310245	-115.59588	540000	1.2417634e-08	510.71118	-0.015942926	-128.05043	0.3708407	0.008002059	0.07713085	79.0	245.77171325683594
54	-155.22728	40.679523	-85.407936	-271.55917	79.0	-64.250336	32.6201	6.3206882	-115.67654	550000	-2.483527e-09	510.99576	-0.015636329	-107.09933	0.36526155	0.009859425	0.07432973	79.0	249.99718403816223
55	-157.10805	48.877247	-78.00655	-332.86395	79.0	-63.46374	32.58938	6.343469	-115.81629	560000	0.0	668.2263	-0.016221546	-118.81753	0.3555895	0.0051071416	0.0752301	79.0	254.88181328773499
56	-157.00046	36.850365	-95.04371	-281.67477	79.0	-64.0583	33.15475	9.751522	-115.89942	570000	-4.967054e-09	493.94394	-0.017079866	-113.25692	0.36382946	0.012167808	0.09233693	79.0	259.26245951652527
57	-150.38098	37.20888	-86.91235	-256.8477	79.0	-65.053925	32.26795	6.7093916	-115.94497	580000	1.4901161e-08	445.99747	-0.018378744	-84.37581	0.3645107	0.010531329	0.08873549	79.0	263.8394339084625
58	-160.03023	42.44062	-84.76117	-317.71704	79.0	-63.79722	31.91377	19.528648	-115.92284	590000	9.934108e-09	618.3737	-0.01588943	-124.227295	0.36197785	0.006260351	0.08583433	79.0	267.7510344982147
59	-152.89633	39.976707	-89.72935	-273.8315	79.0	-66.105	33.614468	3.8101115	-115.9895	600000	0.0	533.63617	-0.015874421	-116.60769	0.325855	0.0089602005	0.07032813	79.0	271.62971234321594
60	-145.31728	37.53801	-89.75283	-271.93164	79.0	-64.99082	33.22249	16.619898	-115.96113	610000	-1.4901161e-08	490.03476	-0.016420724	-109.231476	0.3325982	0.0075955107	0.078531414	79.0	276.141149520874
61	-147.2018	33.564754	-88.66399	-241.00873	79.0	-61.07702	31.386066	6.141814	-115.91069	620000	1.9868216e-08	342.6232	-0.017991798	-58.052013	0.34139332	0.01210631	0.09283713	79.0	280.6160740852356
62	-150.45097	36.326996	-93.510086	-280.28833	79.0	-60.140617	31.502865	6.970761	-115.60834	630000	-2.483527e-09	466.69934	-0.015250702	-114.09261	0.33409667	0.010975588	0.07863145	79.0	285.47989296913147
63	-146.73161	34.32952	-91.5451	-268.9134	79.0	-63.11233	32.268852	3.7947898	-115.7298	640000	-2.483527e-09	437.41324	-0.017074132	-108.65432	0.34165743	0.0075123254	0.07933173	79.0	289.35403299331665
64	-151.30624	37.57282	-89.64702	-279.05383	79.0	-60.638405	32.707397	3.9551563	-115.62273	650000	-4.967054e-09	484.14575	-0.015262122	-79.89059	0.34178415	0.0077670184	0.07312925	79.0	293.6084990501404
65	-148.215	37.91524	-75.23876	-263.34006	79.0	-62.94778	32.565376	3.4370303	-115.871445	660000	7.450581e-09	529.9121	-0.015556093	-97.68082	0.32599092	0.010142005	0.08603442	79.0	297.65260076522827
66	-146.0291	39.60151	-82.02997	-287.51355	79.0	-61.95173	31.427645	15.738735	-115.27342	670000	-6.208817e-09	523.35394	-0.015593637	-122.74204	0.33719912	0.010200058	0.07322929	79.0	301.60830187797546
67	-140.98831	40.484848	-84.73242	-271.4159	79.0	-59.506104	30.781067	8.344819	-114.75063	680000	-7.450581e-09	570.4409	-0.014532778	-133.23924	0.33137098	0.0066194586	0.07082833	79.0	305.38562631607056
68	-143.85187	40.27492	-76.420975	-292.02017	79.0	-61.269287	31.26201	1.1797831	-115.77014	690000	-1.8626451e-08	580.29706	-0.016108626	-144.19125	0.3203532	0.008580081	0.08733493	79.0	310.0397469997406
69	-147.58432	40.488342	-87.03959	-327.4866	79.0	-59.948456	30.8248	2.4498963	-115.33277	700000	-1.2417634e-08	589.15497	-0.016134387	-115.803406	0.33375344	0.009675851	0.08653461	79.0	313.9080193042755
70	-146.26385	43.014053	-82.09262	-296.559	79.0	-61.61093	32.36933	15.0202055	-115.58405	710000	2.9802322e-08	579.3857	-0.016441636	-125.30392	0.32986927	0.009054613	0.087735094	79.0	319.1169674396515
71	-148.11844	39.969944	-81.6513	-311.87466	79.0	-60.75958	31.803236	8.165368	-115.98039	720000	-7.450581e-09	564.3773	-0.01515058	-135.8728	0.32807788	0.010484579	0.08113245	79.0	324.37623357772827
72	-146.48395	38.495384	-78.81574	-295.94266	79.0	-62.639393	31.604958	0.7326026	-115.85386	730000	-9.934108e-09	506.6748	-0.016053434	-103.66498	0.32882687	0.008621904	0.083533406	79.0	328.5262014865875
73	-146.00227	48.504177	-67.839584	-312.41925	79.0	-61.422646	31.546001	0.8640913	-115.75416	740000	6.2088173e-10	729.1919	-0.017151454	-161.28307	0.33271375	0.009582085	0.09343737	79.0	333.48843359947205
74	-147.18654	37.322487	-75.308685	-260.92352	79.0	-61.481293	31.316616	0.8733909	-116.367195	750000	9.934108e-09	504.71616	-0.01693924	-115.11558	0.3305919	0.0075313947	0.078431375	79.0	337.2076585292816
75	-142.41017	43.04488	-70.593765	-298.61517	79.0	-62.082844	31.949541	2.9191666	-115.54915	760000	-7.450581e-09	663.6595	-0.016531665	-159.3748	0.32314304	0.009181474	0.08293317	79.0	341.11613965034485
76	-138.62543	35.382347	-69.42499	-259.6469	79.0	-59.467243	31.650682	10.077578	-115.690414	770000	8.692344e-09	471.06873	-0.016037287	-113.015015	0.30968845	0.01242948	0.09093637	79.0	346.06763768196106
77	-138.65327	40.19329	-67.41919	-329.21762	79.0	-58.19668	30.240234	1.5514368	-107.56463	780000	1.2417634e-08	508.78482	-0.015927644	-117.86289	0.33123794	0.007817463	0.087735094	79.0	351.5510365962982
78	-136.70935	37.706604	-68.05953	-282.3199	79.0	-58.11828	30.516714	1.0950007	-115.77994	790000	-1.2417635e-09	488.6429	-0.016833903	-90.011665	0.33854702	0.010999429	0.08863545	79.0	356.0801730155945
79	-138.07199	39.615	-77.105835	-259.79993	79.0	-58.27624	29.30801	25.53309	-116.17184	800000	-2.2351742e-08	533.0937	-0.015592878	-90.16569	0.33577624	0.00868238	0.08083233	79.0	360.6392161846161
80	-140.63675	38.72368	-71.70791	-276.36444	79.0	-58.03267	30.576288	11.871434	-113.9936	810000	-9.934108e-09	527.29456	-0.016179629	-111.69309	0.34234938	0.00879557	0.089835934	79.0	365.6355609893799
81	-136.11533	40.289898	-68.70019	-286.79913	79.0	-58.13768	30.051346	5.3167686	-114.09216	820000	3.7252903e-09	549.5695	-0.014720741	-126.82725	0.3435565	0.006150914	0.0697279	79.0	369.85873770713806
82	-139.03735	37.170387	-77.51678	-248.41817	79.0	-60.270206	29.945152	6.666969	-115.13596	830000	0.0	493.63077	-0.015381209	-119.043396	0.3222671	0.00705146	0.071728684	79.0	375.51207852363586
83	-141.08272	43.986847	-74.045334	-342.49402	79.0	-59.26891	30.001902	7.9325705	-113.54235	840000	-9.934108e-09	622.974	-0.014251093	-122.72109	0.3210077	0.0068353484	0.07152861	79.0	380.1839315891266
84	-140.12776	39.520477	-79.03763	-255.39923	79.0	-59.41214	30.275791	4.3355556	-114.79053	850000	0.0	525.531	-0.01650207	-129.86044	0.32639238	0.005265489	0.08323329	79.0	384.1350619792938
85	-140.12753	43.782547	-67.59064	-340.94608	79.0	-58.142246	30.07764	0.8808863	-114.39844	860000	-9.934108e-09	593.26	-0.015954152	-115.31787	0.33621916	0.010916944	0.08143257	79.0	388.5526194572449
86	-137.35622	37.141125	-73.45901	-253.78152	79.0	-57.865314	30.29117	2.887641	-112.830864	870000	6.208817e-09	424.32297	-0.016244376	-73.85461	0.3307194	0.008415844	0.09563825	79.0	393.2987804412842
87	-140.89983	38.230564	-69.39949	-248.06715	79.0	-57.4849	30.249575	6.435071	-113.34545	880000	-1.2417635e-09	502.67212	-0.015632113	-99.22309	0.34576562	0.006917968	0.08253301	79.0	397.60232162475586
88	-138.83069	31.892653	-77.66306	-235.671	79.0	-60.20886	32.114353	6.185155	-113.685074	890000	-1.7384687e-08	419.6027	-0.014385503	-112.324585	0.33055818	0.008820532	0.07192877	79.0	401.8538248538971
89	-138.5093	40.22228	-63.059082	-272.07718	79.0	-57.34899	30.011711	0.5114039	-114.10379	900000	2.483527e-09	581.7159	-0.017086852	-107.23248	0.32133904	0.009402732	0.09283713	79.0	406.35092401504517
90	-139.87411	39.079414	-56.09066	-280.34067	79.0	-58.310062	29.964777	5.6493387	-112.00141	910000	4.967054e-09	539.1387	-0.015797617	-96.092445	0.33264866	0.008035085	0.08323329	79.0	410.4547293186188
91	-132.01283	32.499023	-73.49371	-241.37814	79.0	-58.002464	30.090523	2.3498979	-113.28486	920000	0.0	394.86362	-0.017806714	-72.138405	0.33566698	0.009265713	0.088335335	79.0	414.2114417552948
92	-132.45146	31.830801	-74.59404	-239.56456	79.0	-54.722637	28.468538	6.5055866	-102.64088	930000	1.4901161e-08	390.34854	-0.015729109	-72.91323	0.33053562	0.007879357	0.082032815	79.0	418.37245893478394
93	-134.13335	40.927658	-77.83908	-282.47403	79.0	-54.046394	29.07909	8.624425	-112.75362	940000	7.450581e-09	538.1214	-0.014673191	-111.96313	0.32593018	0.0057096705	0.073629454	79.0	422.1789221763611
94	-134.79654	38.545586	-70.894905	-309.83292	79.0	-54.328342	29.952585	4.5713744	-112.46854	950000	-3.1044085e-09	545.8876	-0.016178932	-97.50407	0.33276626	0.008267342	0.09143657	79.0	427.4842665195465
95	-135.3483	42.08293	-61.446976	-310.86255	79.0	-58.36207	29.399197	5.293248	-113.8971	960000	7.450581e-09	604.01733	-0.015640916	-121.83817	0.32244316	0.0070245806	0.07793117	79.0	432.43386816978455
96	-132.02716	37.976204	-65.38058	-257.11407	79.0	-56.564438	29.782114	7.28135	-110.858154	970000	-6.208817e-09	510.55432	-0.017039318	-91.74886	0.32009402	0.010961298	0.08853542	79.0	437.8266546726227
97	-129.13692	35.62614	-75.560585	-257.9877	79.0	-56.015636	27.663668	21.483444	-111.0295	980000	1.7384687e-08	452.54	-0.017278947	-83.89755	0.3206829	0.011547851	0.08643457	79.0	442.6330189704895
98	-131.97693	41.10838	-64.23263	-312.17383	79.0	-54.969505	27.739946	2.0420887	-108.763245	990000	2.8560558e-08	521.4502	-0.016428228	-68.734276	0.3160343	0.009132487	0.07763105	79.0	446.6160581111908
99	-125.86791	31.333729	-64.250534	-205.01027	79.0	-55.635616	28.982353	2.5671253	-110.83719	1000000	-9.934108e-09	377.15463	-0.016218802	-73.035576	0.32263485	0.010694514	0.08713486	79.0	451.1549608707428
100	-133.14742	37.486023	-73.14928	-238.4785	79.0	-52.02398	27.313707	2.4179845	-105.87729	1010000	4.967054e-09	493.0485	-0.015726713	-102.434906	0.31662494	0.009607702	0.08603442	79.0	455.71954011917114
101	-131.27061	38.47655	-72.97096	-246.42325	79.0	-55.184692	29.389061	2.888948	-111.16868	1020000	-9.934108e-09	522.5542	-0.016343893	-100.97805	0.31388485	0.010989063	0.091136456	79.0	460.7164731025696
102	-139.66568	37.899265	-76.31408	-249.92896	79.0	-55.756203	29.661175	10.817493	-110.66714	1030000	-1.2417635e-09	503.28247	-0.015941208	-91.119316	0.32146442	0.010900506	0.0852341	79.0	464.47457337379456
103	-136.80087	39.753227	-64.720634	-286.73767	79.0	-57.705715	30.749321	7.8145456	-112.709755	1040000	-4.967054e-09	534.5625	-0.014400537	-102.80801	0.32128772	0.006729225	0.06952781	79.0	468.56354308128357
104	-134.25397	37.087864	-73.55131	-272.49783	79.0	-56.22619	29.71664	2.3751118	-114.1603	1050000	-9.934108e-09	541.98505	-0.017571403	-101.64697	0.3163375	0.0130462395	0.09293717	79.0	473.0803418159485
105	-129.6733	37.370422	-61.804832	-246.12102	79.0	-57.120537	29.39862	0.5120076	-112.09883	1060000	-9.934108e-09	456.9882	-0.016008431	-99.17981	0.3396541	0.009399612	0.088435374	79.0	477.13986897468567
106	-125.08846	36.85277	-63.67195	-319.80392	79.0	-53.450455	27.662685	6.084308	-113.594696	1070000	7.450581e-09	528.89325	-0.016608182	-124.694824	0.33141235	0.0057060183	0.08313326	79.0	481.2937421798706
107	-131.19762	37.667877	-56.722813	-269.70117	79.0	-52.96195	27.644903	9.487333	-113.443474	1080000	7.450581e-09	466.83286	-0.016675502	-84.256454	0.32993641	0.008024655	0.091936775	79.0	487.05292320251465
108	-134.88045	37.25411	-71.10111	-229.81346	79.0	-54.718426	28.519073	2.9036224	-113.88044	1090000	-9.934108e-09	487.48642	-0.016006423	-102.31139	0.33630562	0.009714535	0.079831935	79.0	491.6350374221802
109	-130.63947	42.68994	-63.516815	-330.11075	79.0	-55.245922	28.779646	1.1298018	-115.33297	1100000	4.967054e-09	534.04083	-0.016477777	-116.10727	0.33438239	0.010385084	0.091236494	79.0	496.845267534256
110	-132.79877	39.3349	-65.992294	-256.28787	79.0	-53.30039	28.836292	5.6854167	-119.63134	1110000	1.3659398e-08	572.9993	-0.015779456	-145.22832	0.32592472	0.00965766	0.07653061	79.0	502.9736819267273
111	-133.15811	39.86923	-65.01213	-290.08826	79.0	-55.645958	30.343628	3.6446981	-115.3687	1120000	9.934108e-09	553.1041	-0.017390175	-135.434	0.32047912	0.009262305	0.09243697	79.0	507.62281560897827
112	-131.9006	41.965862	-62.504715	-248.38016	79.0	-55.193398	28.324894	8.843997	-116.41166	1130000	2.483527e-09	614.18475	-0.01793951	-133.93591	0.32153067	0.009325677	0.08443377	79.0	511.75180983543396
113	-135.7818	41.239277	-61.699333	-288.21982	79.0	-55.678215	28.486145	31.590675	-114.458755	1140000	3.1044085e-08	603.8201	-0.017907133	-132.13509	0.3277516	0.008884319	0.09563825	79.0	516.0413627624512
114	-131.4766	37.250713	-61.229977	-247.14842	79.0	-56.596737	29.7011	2.3688965	-113.74384	1150000	2.483527e-09	485.74792	-0.016913023	-96.18622	0.3266814	0.010711352	0.09573829	79.0	521.0326533317566
115	-134.23335	37.881134	-72.04775	-248.00533	79.0	-54.06563	29.460064	8.929998	-112.66732	1160000	-6.208817e-09	496.5928	-0.017644307	-105.07977	0.32852378	0.008801027	0.086134456	79.0	524.8649384975433
116	-132.62091	39.66684	-73.46099	-247.23935	79.0	-55.985195	29.590527	0.10777724	-112.54411	1170000	-6.208817e-09	558.6583	-0.016265212	-72.40797	0.31955114	0.0070338235	0.08713486	79.0	530.3960983753204
117	-131.28429	41.981956	-67.998085	-295.33948	79.0	-55.31436	29.686737	4.438424	-113.145775	1180000	4.967054e-09	529.21436	-0.016639868	-90.62014	0.31852522	0.009219534	0.08983594	79.0	535.4857835769653
118	-130.05376	36.393154	-65.23503	-241.36554	79.0	-53.79877	28.698013	0.7697387	-114.17693	1190000	-1.2417634e-08	442.72852	-0.016900502	-95.606544	0.3192557	0.012931734	0.08653462	79.0	539.2145771980286
119	-128.02464	38.59888	-69.97354	-279.73334	79.0	-53.41665	29.268955	12.830759	-119.69414	1200000	-1.2417634e-08	617.75507	-0.016471995	-134.62617	0.32065615	0.00851651	0.079931974	79.0	543.41548371315
120	-122.71632	35.11868	-67.305115	-227.39793	79.0	-55.121887	27.683062	-1.1245711	-106.24712	1210000	0.0	452.65366	-0.0159427	-98.57836	0.31563258	0.009830764	0.08353341	79.0	548.8743629455566
121	-128.98997	40.373104	-52.962715	-266.39966	79.0	-50.34497	26.98207	0.4476143	-102.86276	1220000	2.1109978e-08	578.95966	-0.017817881	-111.12022	0.32859048	0.008423424	0.08943578	79.0	553.4963965415955
122	-124.33654	35.86586	-62.890602	-244.68445	79.0	-54.06767	28.547056	9.625659	-104.79959	1230000	0.0	474.41446	-0.017519744	-104.35714	0.31581163	0.009423682	0.083333336	79.0	557.6791903972626
123	-129.22578	41.32533	-63.828762	-315.31094	79.0	-52.325493	27.357597	7.1480618	-100.595215	1240000	-2.8560558e-08	572.00476	-0.015569502	-113.71649	0.311771	0.009918707	0.084933974	79.0	562.2540729045868
124	-128.19078	35.822647	-64.56966	-262.08286	79.0	-54.38095	28.069258	11.63182	-109.597466	1250000	-1.7384687e-08	474.78677	-0.015413716	-94.336266	0.30659196	0.009572681	0.08973589	79.0	567.542337179184
125	-121.26339	35.586384	-57.82775	-278.81323	79.0	-53.14047	27.869703	4.715485	-108.10815	1260000	-2.483527e-09	431.65918	-0.017219117	-79.348885	0.31901282	0.011735479	0.0952381	79.0	572.5791416168213
126	-121.67727	32.37119	-65.546074	-219.8471	79.0	-51.38216	26.471842	12.039224	-105.9178	1270000	8.692344e-09	366.81656	-0.017197503	-82.90404	0.32286224	0.009934629	0.08053221	79.0	577.6429762840271
127	-120.19701	40.435513	-55.85875	-293.8992	79.0	-50.047108	26.528286	1.488515	-108.9394	1280000	-1.1175871e-08	540.5488	-0.015611813	-84.48182	0.31575996	0.0065259957	0.07683073	79.0	581.5565092563629
128	-125.422745	39.91461	-68.487816	-291.72916	79.0	-50.78308	26.328566	1.198894	-106.772766	1290000	-9.934108e-09	512.1683	-0.01738281	-126.49235	0.31295672	0.010208107	0.090336144	79.0	586.3328411579132
129	-124.96538	40.25303	-57.508068	-271.2311	79.0	-50.861168	27.39613	2.4270787	-111.13465	1300000	-9.934108e-09	563.543	-0.01618559	-122.826866	0.3093567	0.008970594	0.077931166	79.0	591.4756104946136
130	-126.782974	37.242035	-65.89315	-243.91855	79.0	-52.378563	27.505774	5.2611303	-110.08138	1310000	-1.4901161e-08	517.5776	-0.01568596	-102.860535	0.3169988	0.008678575	0.08353341	79.0	595.3357481956482
131	-127.813446	36.49837	-61.09078	-297.92578	79.0	-54.13561	27.975685	1.94964	-109.69233	1320000	-1.2417634e-08	493.77246	-0.016466087	-108.85087	0.3148087	0.008455244	0.07793117	79.0	599.3874061107635
132	-124.39814	33.061485	-66.69346	-235.61136	79.0	-53.169323	28.338259	1.0449102	-113.18067	1330000	-1.4901161e-08	398.05142	-0.01560599	-78.16498	0.31541127	0.00843913	0.08113245	79.0	603.503830909729
133	-119.61592	37.396225	-62.322666	-264.505	79.0	-51.559113	26.170628	0.59884846	-101.00393	1340000	-9.934108e-09	504.3247	-0.016218416	-106.01292	0.3012183	0.009975932	0.08933574	79.0	608.3376042842865
134	-125.18679	44.50165	-53.866055	-307.98825	79.0	-49.734314	24.914774	7.290374	-98.80377	1350000	-7.450581e-09	710.6877	-0.016672356	-146.37901	0.3079268	0.010453406	0.08513405	79.0	612.8862619400024
135	-125.939575	38.51245	-65.98991	-271.37366	79.0	-51.035667	27.700445	10.18753	-99.473145	1360000	-2.483527e-09	487.45395	-0.01633373	-103.16538	0.3032073	0.009912902	0.081332535	79.0	616.9112524986267
136	-122.78014	40.04894	-52.63948	-314.70786	79.0	-53.320667	27.379782	2.4551792	-102.90979	1370000	-4.967054e-09	587.3862	-0.016837731	-141.91222	0.3142999	0.008324188	0.08413365	79.0	620.7749207019806
137	-119.9654	38.076775	-69.248344	-291.57495	79.0	-52.210503	26.068848	5.3944097	-115.15718	1380000	1.2417634e-08	497.23355	-0.016975457	-122.081825	0.31392932	0.011795501	0.08403361	79.0	624.7423839569092
138	-116.147224	36.255642	-60.570713	-263.4903	79.0	-50.53382	25.937387	0.7590382	-108.525604	1390000	1.7384687e-08	476.49136	-0.016109396	-87.81323	0.30692747	0.010629092	0.09043618	79.0	629.7118604183197
139	-118.99247	38.47226	-60.613575	-284.05338	79.0	-49.175903	25.193872	1.7377666	-106.47365	1400000	1.4901161e-08	552.11066	-0.016121255	-150.69934	0.29591906	0.008919873	0.08653461	79.0	633.6324558258057
140	-118.65748	34.647533	-65.361176	-223.0832	79.0	-50.97759	27.295914	-0.2719164	-120.22327	1410000	-9.934108e-09	493.484	-0.018078098	-148.33226	0.3148296	0.012108593	0.088435374	79.0	637.7606134414673
141	-125.53061	39.88438	-65.80737	-243.88434	79.0	-51.475933	26.59157	10.7566	-118.22832	1420000	4.967054e-09	549.5859	-0.017212762	-111.51987	0.3100587	0.011852145	0.083333336	79.0	642.14097905159
142	-120.899086	36.82966	-58.440365	-282.1678	79.0	-51.59506	27.58386	5.4647207	-104.14519	1430000	1.7384687e-08	471.8662	-0.016881688	-80.23186	0.30313456	0.009207438	0.091336526	79.0	646.1425769329071
143	-121.23757	38.363167	-51.82951	-249.46278	79.0	-51.006264	26.59752	0.04215157	-105.24114	1440000	7.450581e-09	461.6022	-0.016129749	-71.632195	0.3085148	0.007844993	0.08223289	79.0	650.7317080497742
144	-122.49916	41.694168	-44.301147	-278.2948	79.0	-50.710663	26.16766	-0.39494836	-110.75755	1450000	2.9802322e-08	570.236	-0.017413074	-96.444496	0.29780182	0.008395028	0.08183274	79.0	654.4853374958038
145	-124.46927	38.213432	-62.96265	-233.37361	79.0	-52.47271	27.00579	0.29653704	-103.84791	1460000	5.5879354e-09	528.16797	-0.0158986	-120.68145	0.30384842	0.00685274	0.08243297	79.0	659.9949276447296
146	-121.14385	36.76912	-59.11052	-246.73575	79.0	-51.877945	27.764854	-0.19286919	-116.93489	1470000	-1.2417635e-09	523.5643	-0.016772367	-97.399055	0.29722518	0.007998082	0.08183273	79.0	663.7345099449158
147	-120.06914	41.98874	-56.400692	-303.69177	79.0	-51.09253	26.80015	0.40181828	-106.85333	1480000	1.9868216e-08	596.5794	-0.016984962	-112.278435	0.29408967	0.0075018727	0.08723489	79.0	668.3593339920044
148	-122.401085	38.139023	-54.769455	-317.8941	79.0	-50.200974	25.259354	3.1690078	-93.96037	1490000	0.0	555.11847	-0.01643913	-111.283226	0.2979855	0.008545633	0.08723489	79.0	672.9443576335907
149	-126.50718	41.135628	-65.16508	-292.22415	79.0	-52.476215	26.762428	12.631083	-108.63639	1500000	5.2774944e-09	550.53766	-0.01771893	-113.95144	0.2880453	0.014463283	0.09143657	79.0	677.1512954235077
150	-118.42287	35.105618	-52.3322	-222.99445	79.0	-53.092194	28.186083	2.8995986	-124.63823	1510000	1.1175871e-08	462.9873	-0.016478172	-110.25702	0.2983149	0.007663457	0.08153261	79.0	681.5915114879608
151	-117.71127	36.28732	-47.521996	-271.18674	79.0	-48.963215	26.374952	1.4881995	-101.79959	1520000	-4.967054e-09	436.24545	-0.01720744	-64.70301	0.2951872	0.009423976	0.08023209	79.0	685.3313691616058
152	-114.99342	38.21978	-49.150978	-250.9565	79.0	-48.3755	26.424189	14.831362	-103.427086	1530000	-4.967054e-09	454.34692	-0.017385904	-80.23192	0.31631055	0.009638383	0.0842337	79.0	689.5760908126831
153	-114.1037	35.060627	-55.729763	-243.86395	79.0	-47.86183	26.18893	5.8503036	-114.25022	1540000	-4.967054e-09	489.1876	-0.015789378	-102.603294	0.29543188	0.01488134	0.0880352	79.0	694.0345282554626
154	-119.68345	38.84439	-59.045715	-330.35834	79.0	-48.477634	23.931318	0.9052042	-100.160065	1550000	2.483527e-09	512.22565	-0.01711335	-134.53639	0.31197366	0.009257694	0.08603442	79.0	698.4562909603119
155	-128.34557	43.706375	-66.58993	-354.05524	79.0	-49.673504	27.572523	1.1625676	-123.45701	1560000	-1.9868216e-08	618.8658	-0.015819049	-129.12383	0.32216716	0.007989212	0.083533406	79.0	703.0228114128113
156	-116.88721	32.563072	-65.32387	-240.34181	79.0	-52.62196	28.639647	2.8419826	-123.836914	1570000	-1.6142925e-08	449.4612	-0.017192854	-137.10605	0.3210508	0.012958258	0.08853542	79.0	707.7319943904877
157	-125.44122	36.545235	-53.22173	-294.37146	79.0	-48.391464	26.25418	4.7507033	-104.84608	1580000	-2.1109978e-08	452.16397	-0.01871778	-66.909546	0.312272	0.010069344	0.09713886	79.0	711.9380130767822
158	-117.510605	41.77299	-56.66271	-331.48795	79.0	-51.00457	27.250605	3.8463972	-109.14843	1590000	4.967054e-09	559.6646	-0.016416578	-161.95341	0.31445348	0.010831774	0.088335335	79.0	715.9324095249176
159	-119.41671	34.884506	-58.04519	-258.13797	79.0	-48.606064	24.984259	7.2633114	-124.7944	1600000	-4.967054e-09	463.3041	-0.016270773	-100.28696	0.30486974	0.00893321	0.09303722	79.0	720.4830889701843
160	-125.35076	43.182034	-52.9516	-271.09933	79.0	-50.875443	26.041513	24.920435	-131.70529	1610000	9.934108e-09	625.4315	-0.01671338	-115.66946	0.303303	0.00860327	0.079831935	79.0	724.4702205657959
161	-118.56158	32.4653	-55.62792	-256.77728	79.0	-52.49495	28.576878	2.0870013	-131.00995	1620000	-6.829699e-09	469.2474	-0.017486554	-137.0606	0.306187	0.011348209	0.08303321	79.0	728.6990430355072
162	-117.62536	34.596535	-58.08187	-222.24278	79.0	-48.563244	25.211506	2.9009156	-105.11443	1630000	4.967054e-09	440.72836	-0.016247386	-63.765045	0.3049707	0.006832279	0.08513405	79.0	732.5944788455963
163	-124.26656	38.814014	-52.26117	-272.4998	79.0	-49.04787	25.13099	0.56706476	-92.81082	1640000	2.483527e-09	512.38434	-0.019159852	-127.40506	0.30133438	0.014177889	0.098139256	79.0	736.8180277347565
164	-117.20819	37.301487	-52.66213	-288.49985	79.0	-51.654953	26.642317	1.9412823	-133.59335	1650000	0.0	450.15085	-0.017398892	-93.31195	0.31711105	0.0071522114	0.08653461	79.0	741.1063303947449
165	-120.34164	36.41988	-58.24912	-259.43112	79.0	-49.502296	25.642273	1.1536987	-139.09302	1660000	1.2417635e-09	476.77075	-0.015743775	-92.80074	0.29963654	0.009225391	0.078431375	79.0	745.4955160617828
166	-114.70262	38.649784	-47.72927	-256.57736	79.0	-50.137604	25.757038	-0.4226358	-102.12314	1670000	1.6142925e-08	474.06454	-0.017482102	-113.090576	0.3108643	0.007988256	0.084033616	79.0	750.3235404491425
167	-114.14932	38.271126	-57.33252	-246.7777	79.0	-47.130833	25.70008	7.229323	-109.16943	1680000	3.7252903e-09	491.21936	-0.018137785	-122.96403	0.29583332	0.010818032	0.09203681	79.0	754.2471356391907
168	-117.783775	36.1083	-61.89694	-303.22644	79.0	-46.9749	24.767342	3.7484772	-105.979126	1690000	1.9868216e-08	484.7809	-0.017680077	-111.278564	0.29168883	0.0086088	0.08723489	79.0	759.5590715408325
169	-126.47229	48.19657	-64.82111	-453.6263	79.0	-50.269356	25.81413	5.5167	-117.471825	1700000	-1.9868216e-08	761.41693	-0.016501952	-231.32735	0.29612112	0.011114874	0.08803522	79.0	764.8936460018158
170	-114.43083	37.574463	-64.55424	-267.54257	79.0	-54.104015	27.549044	4.327175	-145.83443	1710000	1.2417634e-08	531.09576	-0.017569836	-192.25331	0.2872025	0.011826332	0.08663466	79.0	769.3156206607819
171	-114.796776	34.712006	-51.039436	-234.20102	79.0	-47.776176	26.869432	5.6144133	-146.11725	1720000	-9.934108e-09	481.0553	-0.01653886	-105.55365	0.28831446	0.010253732	0.086334534	79.0	773.6803052425385
172	-120.90245	39.803997	-55.120983	-249.23802	79.0	-50.212944	25.875185	4.3782535	-131.39369	1730000	-6.208817e-09	555.6622	-0.018009946	-114.98898	0.28579187	0.011616641	0.09443778	79.0	777.791778087616
173	-119.75467	40.82821	-58.036766	-247.77818	79.0	-51.2218	26.504843	1.9298463	-126.56264	1740000	1.4901161e-08	626.08514	-0.016106823	-146.58702	0.29216054	0.007931088	0.080532216	79.0	782.5962443351746
174	-118.49868	45.346275	-59.357647	-363.59512	79.0	-50.147945	27.030306	6.8395243	-126.13015	1750000	1.4901161e-08	594.6914	-0.016471729	-143.0415	0.28355095	0.013914618	0.08303321	79.0	787.1036946773529
175	-114.61049	38.051163	-48.2868	-266.63922	79.0	-50.081974	27.827194	4.611715	-138.61195	1760000	-9.934108e-09	589.7906	-0.0189529	-153.40114	0.2963745	0.0133193955	0.09513805	79.0	791.0539000034332
176	-117.504715	35.81298	-56.73958	-218.23946	79.0	-47.235718	24.716303	2.835495	-99.77344	1770000	-4.656613e-09	430.44125	-0.015157491	-56.16621	0.292037	0.008935609	0.07813125	79.0	795.5773301124573
177	-121.0436	39.976597	-55.94095	-259.5959	79.0	-48.463505	26.320396	2.1885092	-97.674866	1780000	-1.3659398e-08	525.6952	-0.017647555	-71.92562	0.2907565	0.009805292	0.0880352	79.0	799.8542475700378
178	-113.74126	36.275326	-51.788113	-254.15193	79.0	-49.73608	26.393547	6.1213727	-102.48498	1790000	1.2417634e-08	453.67685	-0.017356949	-76.58854	0.2945188	0.009960621	0.08083234	79.0	805.2024981975555
179	-116.47658	41.50418	-56.678955	-287.1556	79.0	-47.071415	24.694157	2.7672725	-95.98679	1800000	-1.0554989e-08	559.0874	-0.017233284	-108.23563	0.28339246	0.011576246	0.08273309	79.0	809.8422029018402
180	-115.58078	32.640278	-51.912144	-220.86427	79.0	-48.634354	25.432405	5.734246	-102.83328	1810000	2.483527e-09	462.76236	-0.016094968	-128.701	0.29198995	0.007925774	0.08163265	79.0	814.3559174537659
181	-114.909225	36.828938	-50.402596	-270.94098	79.0	-49.21449	25.72064	3.1400895	-97.398	1820000	-8.071463e-09	455.83145	-0.017395264	-138.69872	0.28515017	0.010639953	0.08313326	79.0	818.3756659030914
182	-117.15469	41.62305	-54.694214	-358.48294	79.0	-46.310345	26.558228	7.1991425	-141.19899	1830000	3.7252903e-09	545.14484	-0.016527312	-139.90492	0.28634012	0.00941299	0.077330925	79.0	824.4486591815948
183	-117.17441	35.711803	-52.912395	-312.69223	79.0	-48.271915	26.005503	3.977459	-147.98082	1840000	4.967054e-09	424.98795	-0.019126335	-99.92407	0.30043843	0.011519986	0.1022409	79.0	829.9477474689484
184	-109.532104	32.329884	-50.510826	-238.45776	79.0	-47.977573	26.78192	7.147006	-148.53058	1850000	-1.9868216e-08	423.4271	-0.016241038	-109.79798	0.30264366	0.009530369	0.08253301	79.0	834.0770626068115
185	-117.95396	41.521023	-57.737095	-247.0494	79.0	-46.30657	23.741667	2.6600463	-97.96696	1860000	0.0	592.4564	-0.017131524	-95.86208	0.2839335	0.010474776	0.08543417	79.0	838.4824795722961
186	-117.45055	38.450115	-58.78039	-281.04312	79.0	-49.379063	25.556683	6.405613	-126.83016	1870000	-2.483527e-09	453.37936	-0.017829644	-71.34693	0.28938973	0.012229604	0.09463785	79.0	843.4683904647827
187	-111.3781	36.37445	-51.781605	-234.52237	79.0	-48.39591	26.249792	2.0675752	-138.78595	1880000	6.829699e-09	456.24326	-0.01736507	-98.784	0.29313624	0.0113750035	0.08443377	79.0	847.529834985733
188	-113.755295	40.25732	-58.872448	-277.66272	79.0	-46.705067	24.67972	7.1819477	-107.41523	1890000	7.450581e-09	499.1212	-0.016375868	-137.518	0.28696188	0.009363871	0.08963585	79.0	851.8212072849274
189	-105.90745	31.87272	-49.362095	-223.25945	79.0	-46.099632	25.986254	8.554758	-123.68485	1900000	9.313226e-09	396.91336	-0.01563463	-134.50935	0.29410192	0.010484966	0.08673469	79.0	855.5676212310791
190	-112.2332	37.19237	-45.4041	-235.95103	79.0	-42.83191	23.329798	8.470718	-99.41277	1910000	7.450581e-09	499.36438	-0.018859783	-98.87317	0.28941658	0.012064894	0.08653462	79.0	859.4365878105164
191	-115.710915	38.360363	-58.02225	-296.6298	79.0	-47.11265	23.767101	9.463315	-108.810104	1920000	1.4901161e-08	558.5214	-0.017695956	-95.94456	0.28719416	0.014859085	0.08653461	75.0	863.175318479538
192	-118.54697	38.926834	-61.33029	-268.06903	79.0	-49.872185	24.136377	4.453972	-96.728424	1930000	-4.967054e-09	526.275	-0.017782087	-79.299286	0.29645172	0.011505091	0.09043618	79.0	867.1238741874695
193	-108.26158	37.19162	-46.964825	-277.34488	79.0	-49.050762	25.411003	4.7953043	-96.1648	1940000	1.2417634e-08	482.7145	-0.017278397	-108.02011	0.2921953	0.014889277	0.09063625	74.0	871.0536732673645
194	-115.50277	39.023037	-48.648407	-250.88249	79.0	-46.303444	24.182636	4.6802006	-134.71101	1950000	-4.967054e-09	496.29355	-0.018196179	-101.62319	0.30497083	0.0118301185	0.091436565	79.0	876.2807619571686
195	-115.589714	43.599506	-54.65153	-309.04776	79.0	-47.366535	25.100935	3.0808544	-101.07798	1960000	1.6763806e-08	580.9866	-0.01849618	-90.361755	0.30534405	0.011622329	0.092637055	79.0	881.3133046627045
196	-114.17819	33.31963	-41.70177	-245.2437	79.0	-48.375443	25.93218	2.896019	-105.77875	1970000	-4.967054e-09	434.07803	-0.018380577	-80.9855	0.30556908	0.012765996	0.09243698	79.0	885.1069033145905
197	-113.11406	34.480156	-53.333626	-206.04114	79.0	-47.657223	24.856125	0.66160965	-95.19775	1980000	0.0	410.4851	-0.019089792	-88.15112	0.30221117	0.0100320475	0.08683473	79.0	889.8881113529205
198	-120.06258	42.458595	-62.69004	-314.6698	79.0	-47.08158	25.746756	8.229176	-91.69224	1990000	1.6142925e-08	666.7651	-0.017906137	-204.16191	0.29237056	0.011292324	0.09643858	79.0	893.6362965106964
199	-112.349785	36.885105	-55.93207	-306.50198	79.0	-49.53131	27.072668	6.1818104	-142.59537	2000000	-2.483527e-09	482.15512	-0.016662925	-116.424225	0.28807738	0.011292059	0.08073229	79.0	897.7842936515808
200	-107.78207	46.1743	-58.16904	-495.9366	79.0	-48.15115	26.522375	0.5292785	-154.03006	2010000	6.208817e-09	551.56696	-0.016362539	-138.12706	0.29748452	0.012743809	0.08913565	79.0	902.3048012256622
201	-111.041374	34.86499	-58.11076	-301.90067	79.0	-44.165684	23.55573	0.5110452	-104.95848	2020000	9.934108e-09	387.78848	-0.018285913	-92.29568	0.29032674	0.012873366	0.0932373	79.0	906.5573279857635
202	-114.868546	50.282993	-52.983017	-401.7417	79.0	-46.309303	24.576836	1.5529096	-159.80775	2030000	-1.2417634e-08	714.44434	-0.018584386	-152.06279	0.2936223	0.011603963	0.097539015	79.0	910.3181943893433
203	-113.62342	39.987343	-59.345165	-310.73773	79.0	-47.105885	27.091694	9.6619625	-149.53218	2040000	1.1175871e-08	573.1382	-0.017764509	-148.80605	0.30467013	0.013546701	0.091236494	79.0	915.1543555259705
204	-109.006615	38.80322	-49.842037	-230.6185	79.0	-47.239346	25.24555	0.773087	-163.44466	2050000	4.967054e-09	509.89346	-0.016820654	-90.65722	0.2871091	0.0108325705	0.089135654	79.0	920.1775424480438
205	-114.22547	39.64092	-57.93063	-256.2307	79.0	-45.93193	23.577635	5.351493	-105.557816	2060000	-9.934108e-09	559.22217	-0.017695969	-79.255394	0.2883199	0.011659578	0.08953581	79.0	924.4352777004242
206	-113.12786	36.231148	-64.43004	-242.62715	79.0	-47.774193	24.25129	8.4927845	-104.74741	2070000	1.4901161e-08	500.02502	-0.020351825	-100.18033	0.30586615	0.0151808085	0.102440976	79.0	928.1849761009216
207	-115.63149	37.315975	-51.954765	-269.59683	79.0	-47.884365	24.74224	5.0829697	-141.07285	2080000	0.0	477.2456	-0.018234925	-109.08193	0.31176075	0.009789559	0.08863545	79.0	933.422664642334
208	-120.61659	53.204037	-50.80281	-412.95782	79.0	-50.6509	27.293585	14.894693	-152.40048	2090000	-1.9868216e-08	686.72894	-0.017964873	-222.12007	0.31968752	0.008370842	0.08923569	79.0	938.6269192695618
209	-107.036804	36.418404	-44.749474	-269.5167	79.0	-49.309906	26.927156	0.22380948	-165.61392	2100000	-9.313226e-09	584.0173	-0.017581394	-214.86491	0.30705956	0.012865017	0.105242096	79.0	944.2603533267975
210	-111.30834	41.277287	-55.010777	-310.02454	79.0	-44.416027	24.579948	1.4971805	-164.05206	2110000	-2.483527e-09	470.05313	-0.017418701	-111.68319	0.30807453	0.012432541	0.09243697	79.0	947.9202778339386
211	-110.56231	35.83325	-48.84379	-334.94287	79.0	-45.355244	25.375595	0.78443027	-167.02141	2120000	2.483527e-09	474.5454	-0.01742409	-114.41977	0.31036076	0.013436079	0.10204082	79.0	952.5260252952576
212	-113.09151	35.087337	-55.09028	-255.89392	79.0	-44.66222	23.86288	0.8700917	-121.24485	2130000	0.0	399.74228	-0.016926562	-63.93812	0.30118576	0.012469698	0.09943978	79.0	956.2371728420258
213	-117.00738	36.66809	-56.8957	-258.62692	79.0	-46.695427	26.160612	1.9896746	-128.09396	2140000	0.0	475.10544	-0.019228265	-102.99305	0.31255034	0.013412289	0.10014006	79.0	961.3218142986298
214	-113.505646	38.210636	-46.897263	-235.69786	79.0	-47.431934	26.429478	6.50942	-99.89137	2150000	-1.9868216e-08	503.1874	-0.0181071	-74.4695	0.2967996	0.011749039	0.08863545	79.0	965.5988490581512
215	-110.31485	37.98637	-56.732597	-234.36192	79.0	-45.83436	24.50064	-0.20088196	-100.68476	2160000	4.967054e-09	434.7297	-0.018686663	-63.455204	0.3029397	0.011148706	0.093737505	79.0	969.9102716445923
216	-108.231186	38.44039	-58.21991	-275.90103	79.0	-45.223976	24.029964	0.63420796	-99.307396	2170000	1.9868216e-08	472.87772	-0.018098734	-96.85134	0.28723672	0.015048976	0.08103242	61.0	973.5379691123962
217	-107.04952	32.79874	-55.466606	-222.27385	79.0	-44.371212	24.43923	2.3701003	-149.50409	2180000	1.2417634e-08	362.59384	-0.016505094	-91.42332	0.28617424	0.013926973	0.08873549	79.0	978.2068831920624
218	-107.0809	28.92324	-58.136715	-199.12042	79.0	-42.934425	22.82097	1.476686	-103.556595	2190000	1.8626451e-08	291.06525	-0.017480807	-45.726673	0.29917207	0.012319044	0.09303721	79.0	982.6146507263184
219	-109.4083	34.703175	-35.72066	-269.62054	79.0	-44.075165	22.762417	2.402091	-95.056755	2200000	-1.4901161e-08	364.2871	-0.01768214	-52.535095	0.29249105	0.01066456	0.086134456	79.0	988.0355944633484
220	-111.02664	39.71788	-44.660873	-286.38458	79.0	-45.365696	23.859385	-0.82174134	-96.502235	2210000	8.381903e-09	541.6202	-0.018240396	-147.10893	0.30655965	0.008498493	0.08643457	79.0	992.5574097633362
221	-112.42555	49.27905	-59.440075	-513.91486	79.0	-46.36249	25.901482	2.6232991	-166.14284	2220000	-9.934108e-09	651.66986	-0.018346753	-165.49648	0.28591025	0.010982423	0.09073629	79.0	997.7977411746979
222	-112.51905	43.96805	-53.059677	-417.64154	79.0	-47.617092	28.59047	3.48659	-183.51595	2230000	-4.967054e-09	608.1342	-0.016529134	-193.48409	0.29966465	0.0146290185	0.08453381	67.0	1002.8889439105988
223	-108.84997	34.352413	-54.71579	-230.35526	79.0	-46.17467	23.805891	2.115834	-103.90542	2240000	-1.9868216e-08	426.97427	-0.018864334	-86.37461	0.29985285	0.0130042555	0.09603842	79.0	1007.3091323375702
224	-106.63675	30.017155	-60.212593	-211.24602	79.0	-45.7361	25.136786	2.7044692	-105.4576	2250000	7.450581e-09	339.27133	-0.01711046	-61.773884	0.29789773	0.010236279	0.079231694	79.0	1011.9362728595734
225	-113.90667	40.661243	-54.555984	-320.32843	79.0	-43.93633	23.668953	2.2536685	-92.39563	2260000	-2.7318796e-08	635.8446	-0.017665388	-172.54114	0.29172367	0.012927618	0.091136456	79.0	1015.9749586582184
226	-110.641266	32.262947	-62.304108	-243.30138	79.0	-46.08417	23.703438	6.2310734	-100.56629	2270000	4.967054e-09	388.97592	-0.017576411	-80.18105	0.2925634	0.012977329	0.082733095	79.0	1021.2385513782501
227	-106.70456	36.597927	-42.51173	-230.21327	79.0	-47.598495	24.144611	4.008157	-136.46028	2280000	2.1109978e-08	478.91263	-0.019034052	-104.967125	0.30065328	0.012757168	0.08963586	79.0	1025.186960697174
228	-103.62784	28.236525	-52.816494	-207.26189	79.0	-44.771595	23.323524	7.411243	-129.68083	2290000	9.934108e-09	322.91455	-0.019084755	-65.61547	0.30131847	0.013135847	0.09183673	79.0	1029.0851786136627
229	-111.87794	36.593307	-56.44933	-265.75717	79.0	-42.69825	22.306118	1.0086615	-85.449814	2300000	2.4835268e-08	466.64658	-0.017396158	-111.13436	0.29223022	0.009827474	0.081932776	79.0	1033.647940158844
230	-108.961235	40.84725	-57.262344	-345.94095	79.0	-47.42537	25.639677	3.2408843	-160.68723	2310000	-4.967054e-09	502.36136	-0.019652098	-150.85008	0.30046526	0.01102149	0.095338136	79.0	1037.3803217411041
231	-107.73838	40.033348	-44.503494	-342.73462	79.0	-46.077477	25.625917	3.4733605	-177.64369	2320000	6.208817e-09	481.50818	-0.017550617	-130.86409	0.30068845	0.009591614	0.080532216	79.0	1042.0300409793854
232	-103.07174	33.4061	-51.811703	-201.51234	79.0	-44.189014	24.504927	3.5401826	-180.84462	2330000	9.934108e-09	477.9692	-0.016203392	-131.01393	0.28958127	0.012492736	0.089835934	79.0	1045.8983254432678
233	-107.96442	36.871758	-48.174797	-253.62582	79.0	-42.78403	23.000097	9.848731	-85.477104	2340000	-1.1175871e-08	477.01956	-0.016084673	-94.95752	0.29594967	0.0123819085	0.09103642	79.0	1049.9795920848846
234	-98.632034	32.787994	-43.437386	-253.1229	79.0	-44.018147	23.808912	1.8695745	-91.27264	2350000	9.934108e-09	378.36417	-0.017656326	-68.10023	0.2883375	0.013376913	0.095338136	79.0	1054.0163125991821
235	-99.617355	32.670692	-54.384476	-214.27475	79.0	-41.543076	21.110949	0.8812547	-89.99818	2360000	9.934108e-09	325.43134	-0.018408569	-61.292957	0.29049605	0.011501641	0.0927371	79.0	1059.1599221229553
236	-103.709	39.57846	-44.226814	-264.93622	79.0	-41.602615	23.012064	2.3319476	-135.8772	2370000	9.934108e-09	476.7773	-0.017780984	-92.10962	0.29594406	0.012175198	0.0852341	79.0	1062.7906048297882
237	-106.15036	39.939445	-31.782652	-243.69351	79.0	-43.237175	23.82026	5.0792813	-115.00287	2380000	-1.9868216e-08	513.7226	-0.017576007	-107.418274	0.2897274	0.0125194	0.086834736	79.0	1066.7498309612274
238	-103.959076	41.74081	-48.44284	-333.21344	79.0	-43.28621	24.915176	11.100664	-109.68878	2390000	1.2417635e-09	621.8795	-0.016799057	-147.64474	0.28324363	0.013602323	0.09163666	79.0	1071.555701971054
239	-108.9622	36.241016	-59.157753	-248.24066	79.0	-43.197784	22.675253	-0.17854667	-145.13565	2400000	-1.9868216e-08	548.3709	-0.016613627	-96.81118	0.27952057	0.009650021	0.07482993	79.0	1077.0141801834106
240	-107.9484	43.350456	-48.33012	-325.25983	79.0	-46.471428	23.899687	-0.32651496	-107.782394	2410000	1.4901161e-08	694.48535	-0.01746442	-103.93418	0.28368637	0.015343931	0.084133655	53.0	1081.2195405960083
241	-97.97291	28.912107	-52.405045	-228.9546	79.0	-45.553646	22.535753	-1.0767565	-93.87448	2420000	-2.4835268e-08	364.71396	-0.016740546	-80.322105	0.28152606	0.010764457	0.08373349	79.0	1086.041835784912
242	-102.203354	31.760103	-56.648155	-236.38696	79.0	-42.09415	21.886612	1.8370442	-95.608864	2430000	0.0	392.59692	-0.018698638	-71.1609	0.29027352	0.013641323	0.10004002	79.0	1090.647096157074
243	-106.48534	46.96607	-51.127842	-447.17078	79.0	-42.770676	22.340225	2.6194084	-130.86774	2440000	9.934108e-09	564.6761	-0.016060444	-183.50208	0.28952295	0.01238165	0.08933574	79.0	1094.3780267238617
244	-98.10527	32.017136	-49.89593	-235.55856	79.0	-43.58364	24.407255	8.723747	-169.3718	2450000	-4.967054e-09	402.12112	-0.017039085	-109.80432	0.29215732	0.012247942	0.08253302	79.0	1098.8971855640411
245	-94.4827	28.479654	-49.55738	-194.63321	79.0	-40.88445	21.692574	10.338588	-83.64636	2460000	9.934108e-09	266.80432	-0.017930964	-28.379995	0.2795511	0.014007407	0.08933574	79.0	1102.5435755252838
246	-100.85035	27.938564	-44.913513	-205.90019	79.0	-38.52767	21.046173	1.994602	-75.517296	2470000	-9.934108e-09	314.35385	-0.01838103	-56.589497	0.2883827	0.014379959	0.089835934	79.0	1106.708384513855
247	-100.560875	30.489706	-46.511333	-250.51505	79.0	-42.589024	21.662941	-0.47271705	-106.85749	2480000	-6.208817e-09	337.4645	-0.016586589	-54.81886	0.29204082	0.011669345	0.08943578	79.0	1110.403282403946
248	-101.683	32.284733	-56.909687	-205.92944	79.0	-42.23052	22.583506	2.3416831	-131.49698	2490000	-3.973643e-08	388.72867	-0.016873	-63.44937	0.28699598	0.009942043	0.079231694	79.0	1114.6681895256042
249	-100.477104	31.767195	-55.569714	-226.1075	79.0	-42.626015	21.992582	1.2125549	-83.2175	2500000	9.934108e-09	343.81094	-0.017724263	-43.380245	0.28430519	0.010295414	0.087735094	79.0	1118.6150841712952
250	-97.12232	29.354708	-54.78992	-187.66544	79.0	-40.479763	21.409578	2.5111303	-82.731926	2510000	1.4901161e-08	303.26462	-0.016984995	-38.487446	0.29562852	0.011338427	0.086934775	79.0	1123.483157634735
251	-102.83031	32.66861	-44.037243	-222.5872	79.0	-41.088768	21.311914	8.394833	-91.302025	2520000	-9.934108e-09	356.58606	-0.017248953	-44.44673	0.28059977	0.009646144	0.08863545	79.0	1127.470678806305
252	-96.494446	31.37545	-51.76019	-215.34158	79.0	-41.691757	22.20725	2.7131526	-83.16658	2530000	-4.967054e-09	344.34555	-0.017148817	-60.704716	0.28427625	0.012675912	0.089135654	79.0	1132.343734741211
253	-99.42312	30.519468	-48.72234	-218.09981	79.0	-39.36596	20.67419	4.506229	-79.92097	2540000	9.934108e-09	374.8112	-0.017684855	-69.08141	0.272487	0.009698688	0.09023609	79.0	1136.351856470108
254	-95.26212	28.27019	-49.922306	-215.36641	79.0	-42.807617	21.245962	3.6980104	-83.5685	2550000	-8.692344e-09	296.8488	-0.016871085	-54.402283	0.27154404	0.006907036	0.07983193	79.0	1140.9804317951202
255	-93.77301	26.14811	-37.38521	-181.49333	79.0	-39.97212	20.257471	3.2488725	-76.40052	2560000	-1.4280279e-08	213.41429	-0.017350411	-30.210669	0.27799863	0.012672457	0.08603442	79.0	1145.856642484665
256	-95.4865	29.258183	-48.347057	-188.28116	79.0	-38.374645	19.923008	0.07987118	-79.99605	2570000	2.3593506e-08	295.97458	-0.018126592	-41.732914	0.27924743	0.012372647	0.087735094	79.0	1149.7519392967224
257	-95.91509	32.351334	-49.179955	-209.9724	79.0	-40.282246	21.076563	-0.28534484	-76.533585	2580000	5.8983765e-09	377.3207	-0.016291872	-58.35675	0.2708569	0.014410888	0.08453381	60.0	1153.984186410904
258	-92.26444	25.689764	-51.91326	-215.30806	79.0	-39.8958	20.241686	8.478848	-78.172295	2590000	-1.7384687e-08	259.55258	-0.018013056	-53.8461	0.26886597	0.010935747	0.09283713	79.0	1157.6942896842957
259	-97.08622	32.004852	-50.688126	-209.14491	79.0	-38.799595	19.933693	0.972538	-125.11237	2600000	-2.2351742e-08	371.4564	-0.017741136	-86.1109	0.27640408	0.0121735195	0.08653462	79.0	1162.134310722351
260	-95.271454	29.006447	-54.982365	-213.66933	79.0	-40.009754	21.081848	1.3702233	-83.79185	2610000	1.8626451e-08	326.09488	-0.01804115	-50.44867	0.27276084	0.01143292	0.085634254	79.0	1166.8383433818817
261	-96.88247	30.286743	-47.06619	-247.8183	79.0	-40.251312	20.436998	5.428915	-88.5205	2620000	7.450581e-09	305.60068	-0.016928928	-60.989258	0.28428772	0.012141973	0.085734285	79.0	1170.5415670871735
262	-92.671425	28.70511	-47.623566	-199.50664	79.0	-40.26999	21.565086	14.32116	-98.92126	2630000	9.934108e-09	323.99448	-0.017725902	-73.90618	0.2703975	0.014521477	0.09213685	79.0	1174.212551355362
263	-95.55538	32.2683	-48.562008	-214.99092	79.0	-38.61806	19.90664	10.039086	-80.538414	2640000	-2.483527e-09	404.90372	-0.018555915	-69.44828	0.27520117	0.013421263	0.091136456	79.0	1177.8365488052368
264	-95.48952	29.556873	-43.759506	-205.14008	79.0	-39.79425	20.596361	5.3590693	-88.133705	2650000	-4.967054e-09	317.36777	-0.017894102	-62.383484	0.2774031	0.011436604	0.08383354	79.0	1181.4446396827698
265	-90.25433	30.174139	-37.183186	-255.135	79.0	-39.991455	20.502956	1.952146	-80.564835	2660000	2.2351742e-08	327.1069	-0.01911381	-59.58017	0.26668766	0.010947264	0.08873549	79.0	1185.0679302215576
266	-100.36884	29.8747	-41.214767	-193.25073	79.0	-37.407616	19.607815	2.445507	-75.031265	2670000	1.2417635e-09	330.8394	-0.018071325	-73.406944	0.28275272	0.013548125	0.09073629	79.0	1189.9023079872131
267	-96.66639	33.589687	-41.715218	-223.56174	79.0	-41.02042	22.145525	2.0263197	-82.868744	2680000	3.7252903e-08	418.93823	-0.019584926	-88.36562	0.27366143	0.013451151	0.093937576	79.0	1193.6191375255585
268	-93.93711	31.608139	-49.22907	-234.07446	79.0	-42.30032	21.52028	1.2884197	-139.43723	2690000	-1.9868216e-08	355.85397	-0.017907837	-88.37299	0.27297893	0.011305909	0.0797319	79.0	1197.3786413669586
269	-92.701004	29.480919	-48.855145	-214.11703	79.0	-38.63635	19.796726	0.068243265	-98.32308	2700000	7.450581e-09	289.65234	-0.018145265	-52.707165	0.2786789	0.013461754	0.086334534	79.0	1201.8630514144897
270	-94.97746	31.472248	-48.135357	-253.92616	79.0	-38.429077	20.04191	6.393773	-101.94517	2710000	-2.2351742e-08	356.34134	-0.017991418	-72.11221	0.2742416	0.013487357	0.08643457	79.0	1206.2618074417114
271	-92.08186	33.69639	-44.29403	-271.91748	79.0	-39.24373	20.33017	6.7725854	-88.80739	2720000	1.9868216e-08	377.89944	-0.016488109	-89.35031	0.2857493	0.009966002	0.08593438	79.0	1210.5604150295258
272	-88.32301	25.56128	-38.954884	-181.97607	79.0	-37.763607	20.613565	4.153991	-91.498184	2730000	4.967054e-09	265.83508	-0.0172171	-61.011852	0.27445558	0.014219925	0.08713486	75.0	1214.3379545211792
273	-93.832954	30.012033	-34.232483	-183.96167	79.0	-35.868484	19.30408	1.5259264	-111.544426	2740000	9.934108e-09	312.1044	-0.019083012	-57.418957	0.27320275	0.010829054	0.088435374	79.0	1219.0565083026886
274	-91.84465	29.685444	-42.36014	-199.91547	79.0	-39.22875	19.940994	1.2494628	-83.14316	2750000	2.6077032e-08	318.44858	-0.015647959	-54.12145	0.26565602	0.008865948	0.08263305	79.0	1224.5208446979523
275	-87.62176	27.759457	-38.51213	-178.50464	79.0	-37.192146	20.618675	8.892748	-76.1369	2760000	1.7384687e-08	291.34314	-0.015873257	-53.68063	0.26902473	0.011241904	0.086934775	79.0	1228.6804387569427
276	-89.46615	27.82345	-42.25317	-217.3605	79.0	-36.038723	19.067339	0.47188783	-77.94982	2770000	-1.9868216e-08	301.6442	-0.016350402	-69.98687	0.26851848	0.013082852	0.08453381	79.0	1233.4679188728333
277	-87.15195	27.81034	-44.939816	-158.78197	79.0	-36.450092	19.749416	5.7907343	-108.05196	2780000	9.4684465e-09	302.8767	-0.016483868	-58.960613	0.25368294	0.015202016	0.0842337	62.0	1238.4275698661804
278	-92.36614	34.406136	-45.188446	-215.50673	79.0	-36.56005	18.128996	1.6007836	-76.44628	2790000	-3.7252903e-09	381.4545	-0.019034544	-53.901028	0.25600776	0.011980563	0.08723489	79.0	1243.6636641025543
279	-85.989174	29.71647	-34.691177	-250.422	79.0	-37.029854	19.964952	0.6591482	-78.850784	2800000	-7.450581e-09	328.7817	-0.01865861	-79.12821	0.2611308	0.013794483	0.0972389	79.0	1248.9401874542236
280	-89.073166	33.24113	-36.9039	-236.98126	79.0	-35.259285	19.311394	0.491148	-140.75294	2810000	0.0	331.149	-0.017081494	-71.045265	0.25801596	0.012577049	0.08903561	79.0	1254.600216627121
281	-88.55855	30.483593	-32.743027	-217.66174	79.0	-36.82919	20.137466	7.891774	-120.20521	2820000	2.483527e-09	346.2299	-0.017602434	-69.72296	0.25881186	0.013646412	0.081232496	68.0	1258.737347126007
282	-93.15966	33.887184	-36.52058	-202.99055	79.0	-36.530132	19.014957	-0.08965802	-102.331	2830000	3.228585e-08	364.69336	-0.019496072	-72.54502	0.2575927	0.012988272	0.09003601	79.0	1262.595291852951
283	-87.68173	28.94498	-35.509766	-183.39366	79.0	-37.59829	20.081377	-1.1182094	-81.488655	2840000	1.6763806e-08	323.71268	-0.017662166	-52.96494	0.26050693	0.013556041	0.085534215	70.0	1266.378638267517
284	-89.46804	29.47368	-35.08465	-190.95483	79.0	-36.204994	19.024118	-0.46599436	-75.603516	2850000	-1.2417635e-09	307.80914	-0.017635338	-55.039124	0.26780584	0.011551845	0.080532216	79.0	1270.6059682369232
285	-86.807274	32.637806	-46.200924	-279.76025	79.0	-36.190426	19.216152	5.346444	-73.43143	2860000	-1.3659398e-08	340.49728	-0.016409688	-69.69616	0.2586927	0.015187997	0.082032815	43.0	1274.0695672035217
286	-86.979515	28.385094	-39.591946	-175.41481	79.0	-35.990707	18.768248	5.6668844	-90.523926	2870000	-2.2351742e-08	303.2482	-0.016363539	-64.43623	0.2468977	0.012665428	0.077130854	79.0	1278.5022866725922
287	-84.44927	28.629194	-44.587177	-239.81996	79.0	-35.850433	18.293798	3.1933362	-69.64262	2880000	-1.9868216e-08	298.64856	-0.017700156	-57.514893	0.2467776	0.012995549	0.0787315	79.0	1282.8304171562195
288	-83.010185	27.520859	-36.92823	-164.59613	79.0	-33.65189	18.362898	3.1216173	-68.994774	2890000	2.3593506e-08	284.7927	-0.01782731	-28.695177	0.24412341	0.014799289	0.08883554	79.0	1286.9020557403564
289	-84.43646	26.204805	-42.911713	-205.44966	79.0	-34.003624	17.768051	0.7431221	-69.82584	2900000	4.967054e-09	228.61162	-0.018518977	-35.309002	0.2611483	0.013992534	0.085734285	79.0	1291.0039901733398
290	-85.98251	29.38861	-35.511246	-222.14473	79.0	-33.657063	18.352646	1.7124519	-71.34161	2910000	-3.7252903e-09	265.35464	-0.01691477	-42.891582	0.25428164	0.010808934	0.08033213	79.0	1295.0075562000275
291	-82.934654	28.971344	-39.73854	-193.90588	79.0	-34.471012	18.880842	1.7859113	-71.8508	2920000	0.0	314.60297	-0.012309874	-56.79591	0.24425761	0.015507433	0.07012805	27.0	1298.4004120826721
292	-83.93315	28.414785	-29.933334	-221.84596	79.0	-33.485405	17.65437	4.64104	-71.51437	2930000	-6.208817e-09	283.91342	-0.018001972	-30.536776	0.23909909	0.013527672	0.08783513	79.0	1302.4834580421448
293	-81.765396	23.642023	-34.07656	-137.86942	79.0	-34.81365	18.490246	1.8770671	-72.73887	2940000	-1.6142925e-08	232.27803	-0.017191822	-34.73281	0.2448724	0.011590502	0.07663065	79.0	1306.1292667388916
294	-81.91071	27.44976	-39.734566	-180.64128	79.0	-34.44169	17.717669	2.7953665	-71.14739	2950000	1.4901161e-08	272.4412	-0.015752455	-46.784946	0.2507926	0.010171059	0.06962785	79.0	1310.280157327652
295	-88.6502	36.092987	-39.15911	-266.69348	79.0	-33.605495	17.192705	2.1134694	-78.94538	2960000	-4.967054e-09	436.27408	-0.01732902	-127.66726	0.25213367	0.0141389035	0.08213285	79.0	1314.2677223682404
296	-82.26761	26.87644	-43.04929	-181.4272	79.0	-34.955044	19.142881	4.0390654	-92.71015	2970000	2.483527e-09	271.22952	-0.01645452	-45.19469	0.23983492	0.0121469805	0.07883153	79.0	1318.8496618270874
297	-86.47164	27.87778	-36.85918	-196.96042	79.0	-33.757378	18.151228	1.3566427	-78.25178	2980000	1.2417634e-08	343.59366	-0.019137	-104.7461	0.24544775	0.0110808015	0.08283313	79.0	1322.9691569805145
298	-81.08415	28.397116	-37.428604	-183.78914	79.0	-35.927402	18.602158	6.8027406	-89.36326	2990000	1.4901161e-08	317.9675	-0.01674659	-64.98825	0.24615999	0.009893998	0.07943177	79.0	1326.9607496261597
299	-82.91817	25.853756	-44.843903	-176.75575	79.0	-33.93437	18.334343	5.4811134	-76.82516	3000000	-1.3659398e-08	317.06772	-0.018045634	-69.67959	0.24693711	0.012313753	0.08383354	79.0	1331.6968944072723
