Epoch	AverageEpRet	StdEpRet	MaxEpRet	MinEpRet	EpLen	AverageVVals	StdVVals	MaxVVals	MinVVals	TotalEnvInteracts	LossPi	LossV	DeltaLossPi	DeltaLossV	Entropy	KL	ClipFrac	StopIter	Time
0	-500.63345	72.69952	-285.0739	-696.3247	79.0	1.0490237	0.64904755	2.394463	-0.9434799	10000	-8.009374e-08	54655.27	-0.016457899	-6355.0273	1.103344	0.0089393435	0.13865547	79.0	6.355097532272339
1	-464.3143	68.883224	-258.82556	-677.98755	79.0	-14.920339	0.2410516	-9.11262	-15.014984	20000	9.437402e-08	42261.348	-0.017693361	-1950.1478	1.1039295	0.011013183	0.13965587	79.0	10.510774850845337
2	-464.70026	75.81737	-289.60226	-643.4049	79.0	-20.53884	0.15962426	-14.208564	-20.582085	30000	-5.8362883e-08	39805.312	-0.020221176	-1718.7188	1.0650347	0.012820005	0.16846739	79.0	15.744766235351562
3	-456.77078	81.7955	-247.8316	-644.9871	79.0	-25.723433	0.21116966	-16.251905	-25.762125	40000	-4.4703484e-08	37084.387	-0.019126946	-1580.9994	1.0431997	0.00964905	0.14635853	79.0	21.21161198616028
4	-451.4921	75.70323	-266.39584	-635.58655	79.0	-30.582958	0.79778534	-10.824102	-30.75086	50000	-9.4839685e-08	34059.76	-0.018935742	-1475.5684	1.039675	0.012146901	0.14745899	79.0	26.303827047348022
5	-443.7815	81.943596	-222.93004	-642.85144	79.0	-34.313904	4.831615	6.446521	-35.588436	60000	1.800557e-07	32241.693	-0.017942049	-1390.2611	1.025691	0.0126706585	0.13885553	79.0	30.304139614105225
6	-418.90793	79.62099	-193.18916	-601.9911	79.0	-38.655697	6.2704697	14.28722	-40.346172	70000	1.4031927e-07	27527.193	-0.017653903	-1200.4108	1.0034708	0.011226881	0.110244095	79.0	34.34269046783447
7	-422.39413	83.77548	-246.21045	-712.3278	79.0	-42.47836	8.0290365	19.467178	-44.82975	80000	9.189049e-08	26625.611	-0.020227171	-1168.0596	0.96065694	0.0101650255	0.14095639	79.0	39.738497734069824
8	-410.72485	77.81117	-277.0234	-635.4681	79.0	-46.567352	9.039541	5.3005657	-49.290245	90000	1.2665987e-07	24089.576	-0.007185962	-1076.4379	0.9339678	0.01966113	0.12394958	9.0	43.221272230148315
9	-403.95273	77.447685	-221.82465	-621.1186	79.0	-50.452976	10.400046	29.083641	-53.632736	100000	1.0679165e-07	20995.814	-0.018567463	-931.5485	0.95288295	0.010983427	0.1277511	79.0	47.289936780929565
10	-383.94928	65.92699	-219.5248	-542.2027	79.0	-53.640987	11.969686	13.732629	-57.716705	110000	8.071462e-08	18055.494	-0.020144055	-832.6673	0.9442994	0.013943871	0.13435374	79.0	52.070624589920044
11	-383.74796	77.652374	-231.9069	-644.4747	79.0	-57.04301	13.30776	20.661373	-61.632645	120000	2.2351742e-08	16989.086	-0.01939763	-761.3506	0.93778056	0.012567818	0.1337535	79.0	56.52460956573486
12	-364.2514	75.59304	-192.40076	-590.146	79.0	-59.656033	14.957147	36.026333	-65.41864	130000	-3.3527613e-08	14384.481	-0.017659722	-648.0954	0.8911948	0.011616439	0.10644258	79.0	61.08667325973511
13	-363.84003	80.077614	-209.9272	-605.7816	79.0	-62.50006	16.024578	13.452827	-68.970535	140000	-3.8494665e-08	14014.755	-0.0198989	-644.38446	0.8663974	0.0128638195	0.12865146	79.0	66.14191031455994
14	-345.31705	68.4921	-165.35324	-576.34186	79.0	-66.174736	16.38425	13.723701	-72.529724	150000	-6.829699e-09	11164.402	-0.018662592	-541.8384	0.8424528	0.012014489	0.11294518	79.0	70.28018712997437
15	-346.5717	72.68926	-178.83371	-528.24036	79.0	-68.198364	18.408241	14.926011	-75.8593	160000	-2.6077032e-08	10875.711	-0.020349786	-528.4971	0.82621044	0.014964295	0.108743496	79.0	75.22064089775085
16	-336.32922	69.94176	-136.56802	-542.3695	79.0	-70.99738	19.462696	20.051744	-79.174126	170000	5.153318e-08	9378.633	-0.020750744	-463.01743	0.78769654	0.012256791	0.11484594	79.0	79.97297620773315
17	-322.79788	72.93542	-179.63724	-527.92377	79.0	-74.28927	19.121353	20.063473	-82.28203	180000	1.3162692e-07	7924.7407	-0.018060261	-387.00522	0.7605285	0.011315483	0.1067427	79.0	83.99731874465942
18	-315.59866	72.49428	-167.87825	-550.70123	79.0	-76.470955	20.532593	17.408646	-85.17299	190000	-6.829699e-09	6947.1055	-0.01946641	-337.02905	0.72642654	0.014815196	0.10914365	73.0	88.38745355606079
19	-288.92313	65.06636	-169.50508	-513.5313	79.0	-77.30724	22.296026	17.762445	-87.855286	200000	-2.4214387e-08	4797.196	-0.019099332	-246.79866	0.70774287	0.011523586	0.11434574	79.0	92.45158410072327
20	-296.65533	73.01979	-164.41942	-538.70135	79.0	-78.40011	22.357243	10.730589	-90.01818	210000	-1.2417634e-08	5352.133	-0.019777657	-292.27905	0.69284934	0.012957965	0.12274909	79.0	96.60420823097229
21	-296.0385	67.92468	-162.55458	-497.82623	79.0	-80.7309	23.36945	14.563496	-92.32251	220000	-2.4835268e-08	5014.2183	-0.019312827	-268.99777	0.65891784	0.012195074	0.10434174	79.0	100.44451713562012
22	-285.9485	69.19248	-154.66867	-501.86115	79.0	-82.218475	24.294945	14.15085	-94.60518	230000	2.9802322e-08	4096.3965	-0.01799995	-214.12288	0.6399004	0.009502103	0.08313326	79.0	105.28105020523071
23	-283.00137	68.277054	-138.82838	-472.6268	79.0	-84.19057	24.416582	13.460037	-96.68463	240000	2.7318796e-08	3878.789	-0.017130261	-214.46211	0.61262506	0.008574717	0.081532605	79.0	109.79619884490967
24	-286.20212	68.92177	-141.59128	-478.3677	79.0	-84.34582	26.529732	16.905792	-98.700714	250000	1.800557e-08	3959.9993	-0.017079325	-238.06824	0.60572857	0.010978926	0.086434565	79.0	114.57220792770386
25	-269.91324	64.46399	-135.14627	-474.30273	79.0	-86.07372	26.851965	21.02322	-100.78446	260000	-4.4703484e-08	3204.9446	-0.01710562	-211.02907	0.58781695	0.011213094	0.08863545	79.0	119.32730340957642
26	-252.67154	59.694218	-133.00671	-445.01978	79.0	-86.11111	27.665064	27.546705	-102.61169	270000	3.3527613e-08	2326.6702	-0.016811883	-169.53119	0.53293616	0.010356077	0.08213285	79.0	123.28383660316467
27	-251.35507	63.79734	-124.31905	-417.18103	79.0	-85.56673	28.719358	24.932093	-104.01582	280000	-4.0978193e-08	2206.7979	-0.017316557	-155.6906	0.53370804	0.009490001	0.08073229	79.0	128.73589181900024
28	-255.55423	67.24405	-145.29764	-502.68396	79.0	-86.22268	30.145754	14.892813	-105.34279	290000	-1.5522042e-08	2482.1926	-0.018075764	-188.20538	0.5083508	0.011453542	0.08283313	79.0	134.30265426635742
29	-237.75458	58.576336	-126.067894	-414.94708	79.0	-86.70648	31.068516	11.876823	-106.79969	300000	-1.2417634e-08	1698.255	-0.015352003	-148.62689	0.4654731	0.009231879	0.06832733	79.0	138.11058020591736
30	-236.22536	64.98972	-109.452286	-465.7257	79.0	-86.50093	30.340853	29.367844	-107.89176	310000	-1.7384687e-08	1966.1368	-0.015530091	-152.61755	0.4600661	0.009622234	0.06632653	79.0	143.28393268585205
31	-225.43611	64.01445	-121.53317	-471.0154	79.0	-86.60462	31.647064	16.38325	-108.96206	320000	4.967054e-09	1782.3105	-0.01563535	-179.84308	0.4556739	0.010371092	0.08373349	79.0	148.49662470817566
32	-240.27756	62.91161	-121.4202	-423.49283	79.0	-86.1684	31.64685	14.706125	-109.884224	330000	-2.3593506e-08	1848.3252	-0.019169794	-160.32526	0.48672155	0.01300161	0.09643858	79.0	153.66054153442383
33	-227.37048	65.14448	-109.41478	-411.0453	79.0	-85.41931	31.965221	7.415142	-111.108116	340000	-1.9868216e-08	1628.7523	-0.015566812	-160.49376	0.42686042	0.008493606	0.07583033	79.0	159.18302941322327
34	-225.13885	54.475685	-135.23624	-391.15228	79.0	-86.60884	32.881073	13.477877	-112.02472	350000	-1.8626451e-09	1392.9459	-0.015276448	-163.80574	0.42881963	0.009974558	0.07242897	79.0	163.86542177200317
35	-233.40219	59.18543	-125.83564	-401.90085	79.0	-86.09663	32.27059	9.689763	-112.848694	360000	1.9868216e-08	1527.6865	-0.015561854	-161.44757	0.4416921	0.011996332	0.08143257	79.0	169.14786553382874
36	-212.88206	57.535717	-111.10489	-370.54074	79.0	-85.64878	33.589222	12.323553	-113.87122	370000	8.692344e-09	1134.0824	-0.016238632	-148.29607	0.3997582	0.010330531	0.075730294	79.0	173.99241399765015
37	-214.11604	62.516403	-110.857605	-383.74164	79.0	-82.2195	34.60414	18.07849	-114.55819	380000	-1.7384687e-08	1349.2397	-0.016394394	-152.47404	0.4001863	0.013762551	0.08433374	79.0	179.16868257522583
38	-204.28938	47.66403	-102.10246	-365.09863	79.0	-81.966446	34.919373	8.400407	-115.2596	390000	-1.4901161e-08	959.06854	-0.016171964	-181.21533	0.4004477	0.011491223	0.07442977	79.0	183.41585898399353
39	-209.2295	53.826008	-113.0584	-369.59784	79.0	-78.57606	33.874783	9.770758	-115.705696	400000	4.967054e-09	1104.159	-0.015602644	-157.02675	0.39079332	0.010600519	0.081932776	79.0	187.6805064678192
40	-204.80522	52.936752	-100.53576	-318.20935	79.0	-80.18147	33.91289	11.745767	-116.22352	410000	4.967054e-09	1092.0481	-0.014262152	-141.40837	0.38278508	0.00679589	0.06652661	79.0	192.7219214439392
41	-198.38982	59.606102	-94.06459	-352.37518	79.0	-81.58728	35.08595	8.951695	-116.70394	420000	2.483527e-09	1193.5814	-0.016375951	-166.55089	0.3836384	0.010615472	0.082633056	79.0	197.1083414554596
42	-196.24779	50.591835	-112.480415	-345.2626	79.0	-78.82488	34.89953	11.15989	-117.15269	430000	1.2417634e-08	1016.0562	-0.015010315	-171.2616	0.37657714	0.007663245	0.06872749	79.0	202.43462538719177
43	-195.61974	63.22127	-88.863884	-452.64597	79.0	-78.29661	34.886246	8.515179	-117.51682	440000	-1.0554989e-08	1318.66	-0.015250422	-132.64233	0.36280465	0.009961295	0.07813125	79.0	207.35189366340637
44	-179.78627	51.431026	-104.69495	-420.9713	79.0	-78.11118	35.945126	16.803482	-117.88519	450000	-9.934108e-09	815.3933	-0.016395045	-155.20036	0.34244695	0.012172726	0.08223289	79.0	212.31557035446167
45	-184.23506	43.341946	-104.72842	-317.57986	79.0	-71.46849	34.357452	11.807988	-117.98525	460000	-1.1175871e-08	707.64655	-0.01500332	-116.26432	0.3524984	0.006707357	0.07182873	79.0	217.7800714969635
46	-176.19672	47.913467	-108.63019	-345.20517	79.0	-75.21661	35.561386	6.98954	-118.218994	470000	-1.4901161e-08	799.76154	-0.015194478	-123.83732	0.32959613	0.009274182	0.06852741	79.0	223.2386829853058
47	-169.22697	47.316364	-94.54992	-341.00644	79.0	-72.54407	34.61209	8.229481	-118.28141	480000	9.934108e-09	743.6302	-0.015943648	-139.42635	0.3035747	0.010178704	0.071428575	79.0	227.86042857170105
48	-170.99733	45.292137	-100.94162	-359.79245	79.0	-68.89016	34.000942	7.025417	-118.29997	490000	0.0	670.7419	-0.015906813	-124.2348	0.3057997	0.01026874	0.07322929	79.0	232.0459349155426
49	-166.31516	41.669106	-97.80127	-290.30902	79.0	-69.86855	33.81195	5.637929	-118.12726	500000	2.483527e-09	627.0948	-0.015113489	-141.95752	0.30581442	0.009955565	0.06792717	79.0	236.70784258842468
50	-169.56253	46.2432	-98.548546	-368.54318	79.0	-68.01301	33.935196	7.3553286	-118.31746	510000	0.0	827.46014	-0.013505106	-159.4089	0.2832464	0.009774695	0.07002801	79.0	242.38725185394287
51	-165.14958	39.65237	-94.336006	-293.13898	79.0	-69.61642	34.41451	6.3265195	-118.35607	520000	-4.967054e-09	609.3663	-0.0139582865	-114.09375	0.28855875	0.008328125	0.06122449	79.0	247.04987788200378
52	-166.01556	45.724762	-104.74926	-312.95795	79.0	-69.26568	34.151463	14.959747	-118.32945	530000	1.3659398e-08	715.48486	-0.014796133	-137.75122	0.27947733	0.01002595	0.07022809	79.0	251.4038908481598
53	-162.74092	43.13884	-100.7409	-310.962	79.0	-67.54788	34.28464	5.2249494	-118.59605	540000	0.0	687.7967	-0.012360343	-122.14629	0.280838	0.007819823	0.06682673	79.0	256.6600639820099
54	-161.3351	41.919685	-97.06786	-274.59998	79.0	-68.83548	33.274273	12.256605	-118.49004	550000	2.483527e-09	605.31433	-0.0153210135	-98.81323	0.27772382	0.009244314	0.072328925	79.0	261.6504509449005
55	-162.8608	46.818058	-95.91714	-338.69598	79.0	-67.69221	32.779404	4.918844	-118.594124	560000	9.934108e-09	703.78564	-0.013931156	-105.52244	0.29465133	0.00882825	0.071428575	79.0	266.9494686126709
56	-165.81384	41.921135	-96.8411	-301.0267	79.0	-67.69782	34.443398	8.846172	-118.556885	570000	-3.7252903e-09	617.24396	-0.014223876	-114.993805	0.2872512	0.007813842	0.06702682	79.0	271.004674911499
57	-158.01962	37.48296	-93.66425	-293.43222	79.0	-67.30375	34.21397	7.4918647	-118.78339	580000	5.5879354e-09	523.2213	-0.0141744865	-102.17222	0.2799572	0.015243123	0.07893157	59.0	274.8406319618225
58	-157.76555	40.71429	-87.255714	-348.6003	79.0	-64.65237	33.424908	7.461069	-118.12598	590000	0.0	587.21906	-0.015274208	-109.33332	0.27627686	0.011320595	0.07883153	79.0	278.78432750701904
59	-148.48087	39.32682	-92.709854	-287.26263	79.0	-65.16653	33.54384	7.517103	-118.32498	600000	6.2088173e-10	545.2292	-0.01407637	-92.31946	0.27705777	0.0042907246	0.07062825	79.0	282.87714314460754
60	-161.30782	43.707146	-86.95457	-326.48175	79.0	-61.272358	31.712755	3.487864	-117.76532	610000	1.9868216e-08	733.93604	-0.014261402	-157.83295	0.28868175	0.008079498	0.06912765	79.0	288.86533641815186
61	-151.90976	45.20313	-83.535515	-330.65695	79.0	-67.94838	33.09686	3.070518	-118.83032	620000	-6.208817e-09	719.2458	-0.012582029	-130.69238	0.26464453	0.008537416	0.060224086	79.0	293.22027373313904
62	-155.51668	41.08571	-96.30538	-354.2956	79.0	-63.880016	32.60969	7.023033	-118.159294	630000	8.692344e-09	609.27997	-0.015288492	-123.73157	0.27647892	0.008079562	0.07342937	79.0	297.7975902557373
63	-162.16602	43.297916	-91.30474	-324.4616	79.0	-65.2612	32.810787	5.6768465	-118.48382	640000	-8.692344e-09	631.6291	-0.0159212	-113.91443	0.2607573	0.013912849	0.08143257	79.0	302.4930889606476
64	-153.60168	40.960327	-93.721664	-294.1127	79.0	-68.22963	34.115036	5.430844	-118.844185	650000	9.934108e-09	595.54834	-0.01442341	-132.73695	0.28166306	0.0069411187	0.06752702	79.0	306.3651533126831
65	-152.43597	40.852898	-92.60052	-296.95645	79.0	-64.68513	32.816696	8.00946	-118.78309	660000	-2.483527e-09	602.1956	-0.015834862	-138.84052	0.27997845	0.009032328	0.06942777	79.0	311.2910490036011
66	-156.25955	37.731155	-96.64423	-268.42764	79.0	-63.464775	31.895124	11.902741	-118.344124	670000	-7.450581e-09	528.32465	-0.016749045	-91.26736	0.2971265	0.011988292	0.08583433	79.0	315.6313624382019
67	-149.43002	35.082966	-88.470924	-253.18106	79.0	-67.29182	33.011543	9.814648	-119.04876	680000	0.0	453.6617	-0.013619768	-109.62046	0.26608333	0.014985699	0.07202881	58.0	319.49673295021057
68	-147.8013	38.296993	-82.75625	-354.5784	79.0	-63.48781	31.230946	3.8409104	-118.15578	690000	-8.692344e-09	484.30798	-0.013845469	-82.62809	0.28393194	0.007639406	0.08093237	79.0	323.36924386024475
69	-151.60686	40.96732	-87.15143	-266.81677	79.0	-60.556873	31.52866	4.4092135	-117.29236	700000	-2.483527e-09	586.7471	-0.01562977	-128.46785	0.2989436	0.011337235	0.07472989	79.0	327.70477390289307
70	-155.4048	42.916325	-87.324234	-309.4057	79.0	-63.393475	32.557976	7.2907667	-117.80755	710000	4.967054e-09	629.2937	-0.014526273	-113.91211	0.31207475	0.0079854345	0.06992797	79.0	331.6933479309082
71	-146.56917	36.389046	-84.33765	-254.63655	79.0	-64.72463	32.751015	6.438879	-118.64701	720000	-4.967054e-09	504.25125	-0.016226334	-153.747	0.29533556	0.010119167	0.075530216	79.0	336.81717228889465
72	-159.05809	44.139145	-81.63949	-303.5078	79.0	-61.347664	31.022442	11.313766	-118.15126	730000	7.450581e-09	701.9493	-0.015837854	-142.45506	0.30165306	0.010669083	0.07372949	79.0	340.8757858276367
73	-148.04002	36.62993	-76.92159	-273.3655	79.0	-66.176895	33.25474	8.316114	-119.016365	740000	-7.450581e-09	486.41196	-0.014305384	-108.71574	0.2882043	0.009612131	0.07382953	79.0	344.84440064430237
74	-143.2908	32.42864	-96.73877	-242.3656	79.0	-62.341667	32.109505	17.038998	-117.017105	750000	1.2417634e-08	418.66675	-0.01631956	-89.919044	0.2917082	0.009785072	0.07452981	79.0	348.6860783100128
75	-150.88158	38.06586	-76.60888	-249.43427	79.0	-60.50989	30.376368	8.353938	-112.33376	760000	1.2417635e-09	525.5686	-0.015556199	-95.61993	0.30685836	0.010387205	0.07693077	79.0	354.4480330944061
76	-143.61862	35.320118	-78.96582	-283.11346	79.0	-62.5299	32.43388	3.9678042	-117.99756	770000	-9.934108e-09	465.34952	-0.016637975	-112.95341	0.30021888	0.011783292	0.08913565	79.0	359.40817856788635
77	-148.2886	43.089405	-87.99327	-299.6121	79.0	-59.737244	31.107199	5.8565426	-115.8537	780000	-3.7252903e-09	577.84296	-0.017143859	-118.35929	0.30486158	0.010865614	0.084133655	79.0	364.01318311691284
78	-149.12675	35.887863	-86.42211	-304.95242	79.0	-61.906864	32.08852	7.0051107	-118.570526	790000	7.450581e-09	527.15704	-0.016000267	-122.49555	0.3140806	0.008563344	0.08253301	79.0	368.3736538887024
79	-151.00998	43.104404	-73.027855	-322.51257	79.0	-63.41225	31.337059	3.205442	-118.324	800000	-2.483527e-09	650.674	-0.016218312	-146.40404	0.30989864	0.0126393335	0.08103242	79.0	372.85848236083984
80	-143.79367	37.727665	-81.59539	-288.26425	79.0	-63.85921	31.948776	18.114979	-118.83994	810000	-2.483527e-09	525.0754	-0.017171646	-139.68678	0.31078407	0.010396515	0.07833133	79.0	377.1079070568085
81	-153.93929	43.958923	-84.800354	-304.1788	79.0	-61.362225	30.48535	12.266041	-117.878204	820000	1.2417634e-08	679.4375	-0.015971981	-152.18759	0.31755397	0.008528425	0.08383354	79.0	382.39184856414795
82	-144.17426	34.973896	-77.54487	-268.9079	79.0	-65.595566	32.913723	11.680334	-118.69561	830000	0.0	462.5909	-0.018379455	-98.253975	0.31508717	0.015110676	0.09743897	72.0	387.2153842449188
83	-149.88042	40.055252	-93.760994	-310.30212	79.0	-60.98245	29.851519	6.714963	-114.73141	840000	-1.4901161e-08	610.51807	-0.016312549	-123.54801	0.3259517	0.008686177	0.07482993	79.0	391.6879665851593
84	-144.49574	44.09174	-79.63282	-310.5335	79.0	-63.459347	32.59398	3.919215	-119.475266	850000	-4.967054e-09	651.2885	-0.0165341	-133.41248	0.32484677	0.0136425905	0.08593438	79.0	397.24347376823425
85	-146.38089	41.645264	-90.1385	-297.52817	79.0	-62.855362	32.13921	6.664204	-119.61902	860000	-9.934108e-09	623.2822	-0.017969439	-108.53446	0.3372458	0.012449508	0.101040415	79.0	401.48865485191345
86	-142.48752	39.665314	-85.655045	-301.45538	79.0	-62.172012	30.257425	10.847964	-117.14504	870000	-2.2351742e-08	492.39786	-0.016832428	-69.12843	0.3339161	0.009496176	0.0852341	79.0	405.2705626487732
87	-144.65437	40.051945	-87.163574	-279.9253	79.0	-60.15143	30.232359	2.2232616	-114.06632	880000	-4.967054e-09	573.0974	-0.017300682	-76.253136	0.33195192	0.008454177	0.09743897	79.0	408.9755685329437
88	-141.90303	39.17496	-79.40051	-279.82645	79.0	-60.70487	30.998184	5.3540015	-111.02762	890000	7.450581e-09	531.0234	-0.017002052	-78.288734	0.33939776	0.011075046	0.084233694	79.0	413.0881485939026
89	-145.90115	41.525017	-74.16934	-298.62674	79.0	-60.53954	30.22284	1.9515212	-115.604485	900000	-2.483527e-09	552.0787	-0.016518736	-109.8862	0.3094981	0.010656238	0.07843137	79.0	417.04388999938965
90	-140.42323	38.478844	-78.44767	-259.1032	79.0	-61.188683	32.17538	1.8480538	-120.27226	910000	1.3659398e-08	447.48453	-0.01794534	-75.629425	0.3367206	0.007846021	0.089835934	79.0	421.6116282939911
91	-141.95517	35.270653	-74.08307	-231.41193	79.0	-60.70195	32.23901	4.697359	-119.82218	920000	5.5879354e-09	477.3541	-0.018165743	-107.00913	0.32600054	0.010669659	0.09413766	79.0	426.6331264972687
92	-148.5358	43.07572	-81.543144	-278.5932	79.0	-59.789852	30.499765	0.9759059	-112.536156	930000	0.0	648.94196	-0.01772864	-117.20112	0.32907566	0.010340354	0.09523809	79.0	430.76733350753784
93	-151.42963	41.41931	-87.76614	-282.69205	79.0	-62.232662	31.623592	4.2328305	-117.63165	940000	-1.2417634e-08	648.63086	-0.017781219	-108.553154	0.34181198	0.011218272	0.09013605	79.0	435.14819407463074
94	-143.55103	42.169563	-85.44448	-290.58286	79.0	-64.115295	31.465912	0.28193557	-114.92655	950000	7.450581e-09	644.52606	-0.018434484	-113.15464	0.3306578	0.011182358	0.092637055	79.0	438.9214026927948
95	-145.40985	36.7103	-73.14112	-255.65012	79.0	-60.235794	30.834213	5.628249	-113.38569	960000	1.4901161e-08	493.76456	-0.017180575	-89.90493	0.3460475	0.013112611	0.09693878	79.0	442.62752628326416
96	-146.75883	38.019646	-85.738594	-299.29147	79.0	-62.009567	31.56664	9.390108	-116.52717	970000	-1.9868216e-08	542.4211	-0.01833932	-101.91401	0.33495545	0.011299151	0.094037615	79.0	447.2001414299011
97	-145.72891	37.915783	-76.45319	-276.5119	79.0	-62.26887	31.462112	0.90065396	-118.40902	980000	-1.6142925e-08	522.6299	-0.016906602	-85.13711	0.3297905	0.007861835	0.085434176	79.0	452.49331879615784
98	-138.69771	35.319225	-77.0453	-256.45422	79.0	-60.534058	32.542797	6.029291	-115.66209	990000	-7.450581e-09	434.90198	-0.018384164	-83.14861	0.33715317	0.011351322	0.09063625	79.0	456.9797418117523
99	-139.65591	40.0558	-81.246796	-292.84512	79.0	-59.089287	30.418447	4.124811	-114.73991	1000000	9.934108e-09	528.7411	-0.018413907	-117.725	0.32809326	0.010789756	0.09553822	79.0	462.15726351737976
100	-143.18742	44.529373	-79.883026	-311.73468	79.0	-59.148148	31.426987	3.5929422	-115.566895	1010000	-1.2417634e-08	711.2398	-0.015842393	-142.30202	0.30985987	0.00942845	0.08383354	79.0	466.1936044692993
101	-140.33	43.541424	-79.533264	-364.85168	79.0	-61.08896	31.009699	5.2271733	-113.73348	1020000	1.4901161e-08	643.6421	-0.016449183	-138.73822	0.34251538	0.0060359403	0.08623449	79.0	470.6433367729187
102	-143.63252	44.66566	-76.31242	-364.98874	79.0	-58.79483	29.974974	4.6407685	-118.14584	1030000	-2.483527e-09	681.707	-0.018610781	-144.8634	0.32595977	0.011239875	0.08923569	79.0	475.37641763687134
103	-134.22739	36.88238	-82.709885	-292.5728	79.0	-60.083946	30.639204	3.603817	-118.7662	1040000	2.483527e-09	469.1377	-0.018761612	-120.199196	0.3287749	0.014198386	0.102440976	79.0	479.5837457180023
104	-142.46364	38.41045	-80.047516	-264.95557	79.0	-56.69364	29.47248	1.7333833	-117.47573	1050000	-4.967054e-09	588.24396	-0.017965551	-127.50512	0.32420227	0.009348086	0.08603442	79.0	484.0925643444061
105	-134.49074	34.198437	-80.71061	-239.24582	79.0	-60.31577	30.870333	3.6907468	-121.04767	1060000	1.2417634e-08	440.84854	-0.017144457	-101.195274	0.3342432	0.011157098	0.084033616	79.0	488.9942297935486
106	-133.79077	37.519894	-78.707954	-271.1215	79.0	-57.518024	29.051634	3.745328	-110.65269	1070000	0.0	441.5209	-0.016822578	-61.60411	0.31089285	0.014631227	0.09953982	58.0	494.1463747024536
107	-137.32936	34.529263	-71.17678	-222.3226	79.0	-56.31805	28.969423	2.589253	-113.21053	1080000	1.2417635e-09	435.6167	-0.01734007	-91.809044	0.32699773	0.0111210495	0.091436565	79.0	497.81912994384766
108	-135.41985	34.66711	-73.846565	-230.74043	79.0	-56.323616	30.737144	5.58146	-117.41587	1090000	4.967054e-09	429.6593	-0.01594901	-70.57286	0.33329913	0.0101788035	0.084233694	79.0	501.691565990448
109	-137.46257	49.79791	-73.34518	-521.46576	79.0	-56.22067	30.351986	5.091524	-116.80014	1100000	7.450581e-09	790.2246	-0.0159789	-213.6029	0.32004982	0.009163243	0.08243298	79.0	505.4831807613373
110	-140.2521	38.539505	-66.62827	-277.795	79.0	-55.86954	30.234955	2.8879275	-122.37249	1110000	-7.450581e-09	541.23615	-0.01837041	-94.704834	0.33040217	0.013690242	0.09583833	79.0	509.19698214530945
111	-138.71709	37.368225	-87.86823	-284.99606	79.0	-59.638485	30.115118	1.7671622	-122.48328	1120000	3.7252903e-09	460.30054	-0.016903726	-66.45562	0.3330589	0.010659815	0.08263305	79.0	513.5104942321777
112	-141.59373	41.591225	-68.708595	-285.26608	79.0	-57.434963	30.215828	4.042698	-110.83666	1130000	0.0	645.53076	-0.018227436	-128.86652	0.3317913	0.013603829	0.08233293	79.0	517.8082873821259
113	-140.41171	37.55098	-75.5733	-271.9628	79.0	-60.66032	32.55195	3.7596946	-118.51127	1140000	4.967054e-09	564.48016	-0.016784003	-119.822876	0.32775816	0.011039437	0.09073629	79.0	522.4160535335541
114	-136.42311	42.323387	-72.48996	-280.6926	79.0	-60.21046	30.693624	1.9259925	-112.91025	1150000	-2.7318796e-08	649.7329	-0.01879662	-124.397675	0.3420081	0.012483406	0.09633853	79.0	527.7560176849365
115	-133.02844	34.83632	-79.66914	-253.6457	79.0	-56.6639	30.223938	13.785567	-114.36875	1160000	-1.1796753e-08	444.0416	-0.01852016	-71.69952	0.3368356	0.01034001	0.09473789	79.0	533.3792366981506
116	-132.21992	38.063145	-77.21949	-271.46655	79.0	-55.01373	29.382023	3.8598356	-110.10558	1170000	-4.967054e-09	477.3258	-0.019006485	-56.38892	0.3417879	0.0085289255	0.09233693	79.0	538.1701362133026
117	-145.13269	49.24379	-63.860046	-327.31512	79.0	-56.056065	29.137255	4.6759963	-116.093666	1180000	7.450581e-09	779.0625	-0.017722713	-151.07094	0.3367999	0.013058528	0.093937576	79.0	542.3842761516571
118	-134.4197	38.33977	-73.0094	-257.1766	79.0	-60.196342	31.166697	0.98896444	-120.266136	1190000	1.2417634e-08	585.45044	-0.018210026	-134.16669	0.33613077	0.010904759	0.095938385	79.0	546.7076959609985
119	-141.16043	40.018784	-72.63363	-289.36148	79.0	-56.95922	30.91959	4.055063	-118.784256	1200000	-4.967054e-09	582.59784	-0.018360281	-130.95619	0.3525649	0.011176565	0.09353742	79.0	550.7196898460388
120	-130.98819	34.405968	-78.1629	-239.9835	79.0	-59.309856	30.653557	8.974141	-122.818344	1210000	-2.483527e-09	497.79956	-0.018248001	-98.1782	0.33588648	0.012996293	0.08763506	79.0	557.3564310073853
121	-134.79318	44.83417	-75.269684	-330.86707	79.0	-55.755116	27.406597	2.8839006	-114.66484	1220000	-4.346172e-09	630.70416	-0.017043136	-91.401886	0.33019757	0.0071230237	0.08093237	79.0	562.2705571651459
122	-137.73438	38.277317	-78.13538	-306.07413	79.0	-56.44908	29.079754	7.890069	-117.087296	1230000	9.934108e-09	546.1691	-0.01735563	-76.42155	0.34551358	0.010384559	0.09573829	79.0	567.8420660495758
123	-134.53479	41.020725	-68.65221	-271.2436	79.0	-57.65387	29.814827	3.4602923	-115.397865	1240000	-9.934108e-09	560.3807	-0.017021509	-75.2347	0.31363347	0.011334374	0.092537016	79.0	573.951709985733
124	-139.77061	42.030827	-79.41556	-352.6491	79.0	-56.445152	29.436808	6.79951	-116.46595	1250000	0.0	659.3484	-0.018827973	-111.5776	0.34061038	0.01060208	0.09433773	79.0	578.5450732707977
125	-130.21906	38.486855	-70.7413	-244.04019	79.0	-58.74758	30.439856	10.829901	-122.53794	1260000	-2.4835268e-08	471.27054	-0.017140182	-99.23649	0.34323415	0.010228726	0.09233693	79.0	583.799886226654
126	-134.88255	40.46956	-55.720604	-248.34573	79.0	-55.091656	28.306244	4.924583	-118.29711	1270000	-1.7384687e-08	565.2372	-0.017790874	-126.04242	0.33421946	0.011168659	0.08683473	79.0	588.6700644493103
127	-132.83298	37.952705	-77.07977	-272.07312	79.0	-57.18212	29.786991	2.7875636	-114.966576	1280000	-4.967054e-09	571.24396	-0.018020663	-131.02437	0.34392825	0.01438829	0.09933973	79.0	592.6506021022797
128	-130.76398	40.11455	-58.852802	-300.4907	79.0	-56.556835	29.625647	4.417098	-114.829315	1290000	9.934108e-09	573.7649	-0.016777502	-114.92733	0.3437368	0.010761746	0.08503401	79.0	597.177295923233
129	-134.21602	37.6485	-62.0927	-289.9456	79.0	-54.945183	29.753805	9.547982	-118.70629	1300000	2.483527e-09	514.9943	-0.018546356	-111.09899	0.3428799	0.011218076	0.09093637	79.0	602.0889270305634
130	-134.21191	37.42372	-73.87207	-297.21075	79.0	-58.00469	29.207958	7.025177	-116.53025	1310000	9.934108e-09	510.95398	-0.018181825	-96.79718	0.34231946	0.0101568885	0.09843937	79.0	606.7900004386902
131	-134.35764	37.74882	-59.72164	-293.3143	79.0	-57.102684	27.321629	4.4999895	-108.77385	1320000	0.0	542.68365	-0.018461442	-99.05014	0.34494135	0.0121166585	0.10084033	79.0	610.7064278125763
132	-129.12799	36.89621	-62.062607	-239.33116	79.0	-56.66658	29.222809	6.0556707	-111.97688	1330000	4.967054e-09	454.12134	-0.017329486	-76.204216	0.33966008	0.010399426	0.08893558	79.0	614.9785687923431
133	-133.80132	41.01455	-70.21709	-347.3989	79.0	-54.692413	28.410095	6.5285206	-110.00725	1340000	3.7252903e-09	561.8278	-0.015959764	-133.07935	0.33133432	0.009512405	0.08293317	79.0	619.2363228797913
134	-131.86165	44.26817	-53.88077	-357.35272	79.0	-54.726315	28.686481	6.6107416	-122.59535	1350000	1.4901161e-08	704.0622	-0.0179922	-141.6756	0.32296383	0.009674075	0.08623449	79.0	623.33993268013
135	-133.89726	44.532814	-73.33842	-298.98935	79.0	-56.17169	29.750896	4.5938654	-117.90687	1360000	0.0	666.55634	-0.0182784	-145.38954	0.32573888	0.011688065	0.08813525	79.0	629.1624274253845
136	-127.34627	33.425076	-69.45273	-220.36969	79.0	-56.71176	29.121794	7.545376	-120.641655	1370000	3.7252903e-09	461.06265	-0.016787587	-115.40589	0.32061264	0.010261022	0.07663065	79.0	633.6902527809143
137	-131.07768	42.198067	-51.338257	-259.06332	79.0	-53.643646	27.668959	9.1719475	-115.81148	1380000	2.483527e-09	581.76514	-0.017318947	-96.38798	0.31718346	0.010785255	0.08663466	79.0	637.9987301826477
138	-129.55678	38.589703	-67.26113	-313.55597	79.0	-53.761753	28.161793	4.359896	-118.04766	1390000	-2.483527e-09	570.51965	-0.017033162	-111.65506	0.314132	0.012241367	0.08783513	79.0	642.3134140968323
139	-131.74051	43.457623	-67.97663	-328.1474	79.0	-54.52466	28.015789	3.075789	-113.291466	1400000	9.934108e-09	668.8435	-0.01887442	-140.29921	0.3345476	0.010492619	0.09493798	79.0	646.0823407173157
140	-134.81541	50.022038	-65.14073	-360.74246	79.0	-56.41317	28.484673	5.692536	-121.298744	1410000	-1.4901161e-08	894.5909	-0.017080974	-321.40057	0.3157921	0.013597432	0.086934775	79.0	651.240035533905
141	-133.80292	39.9879	-54.58962	-271.64725	79.0	-56.508152	29.50676	7.72327	-133.60585	1420000	-2.483527e-09	583.3928	-0.01827701	-152.86691	0.32820538	0.011071953	0.0982393	79.0	656.1957471370697
142	-128.65454	44.143333	-60.16909	-326.85492	79.0	-56.156815	29.406975	5.841405	-129.03677	1430000	-2.173086e-09	590.4895	-0.01729536	-137.4569	0.3206886	0.011334124	0.08433374	79.0	661.0922689437866
143	-131.9225	44.41649	-64.472725	-341.7605	79.0	-53.099552	28.183662	10.805016	-127.54431	1440000	-8.692344e-09	751.06146	-0.01794029	-189.65446	0.33038402	0.011750852	0.09443778	79.0	665.726568698883
144	-135.44891	42.758236	-80.6665	-288.99423	79.0	-56.029	29.664934	9.046673	-128.69229	1450000	2.483527e-09	678.80597	-0.017560279	-142.88142	0.32231927	0.0133685535	0.09443778	79.0	669.5809831619263
145	-127.11629	38.53256	-56.72212	-227.64938	79.0	-56.15535	29.849026	9.939877	-128.93417	1460000	9.934108e-09	555.7139	-0.01787584	-122.43482	0.31077442	0.011629064	0.08513405	79.0	674.3398480415344
146	-132.80386	45.7131	-55.513176	-289.1113	79.0	-54.55931	27.805897	7.8922453	-124.96108	1470000	1.2417634e-08	707.40576	-0.018365918	-174.86739	0.3264878	0.0090101035	0.085534215	79.0	679.3193402290344
147	-128.09723	41.217464	-64.62362	-278.50827	79.0	-55.832382	29.75945	7.097473	-127.606415	1480000	4.967054e-09	548.7659	-0.018200284	-120.648315	0.32562137	0.011722934	0.0917367	79.0	683.1300151348114
148	-130.87892	46.765373	-55.72157	-288.46152	79.0	-53.103752	26.743172	7.6824846	-122.6072	1490000	-1.8626451e-08	717.21027	-0.0181204	-113.5693	0.31318784	0.011937216	0.09203681	79.0	686.9339346885681
149	-125.61648	42.304867	-64.24779	-340.97083	79.0	-55.74954	28.623026	6.550495	-116.917534	1500000	-1.7384687e-08	529.2197	-0.01652455	-138.08618	0.32690915	0.010265089	0.09213685	79.0	691.7699511051178
150	-128.55775	38.495644	-55.79914	-280.2543	79.0	-53.47936	29.765917	7.627244	-127.91773	1510000	0.0	584.4809	-0.01745575	-148.61201	0.32859483	0.012559083	0.08983594	79.0	696.7901608943939
151	-123.44602	35.552185	-63.49956	-273.4016	79.0	-53.480072	26.88691	3.1053865	-112.16498	1520000	1.0554989e-08	483.92435	-0.01679257	-84.25428	0.3181976	0.012338637	0.08103242	79.0	701.5742590427399
152	-119.46902	39.607273	-58.067116	-259.99475	79.0	-52.01898	26.144793	4.8923254	-107.203735	1530000	-5.5879354e-09	501.07315	-0.01856258	-100.80523	0.3200922	0.011506125	0.09813925	79.0	706.8658995628357
153	-121.83122	40.276314	-68.617325	-268.04565	79.0	-50.26224	25.780844	4.842122	-113.73026	1540000	9.934108e-09	572.3259	-0.016247602	-111.92465	0.31887203	0.00924182	0.08433374	79.0	712.5887627601624
154	-121.82028	39.052143	-65.55037	-253.91846	79.0	-49.990326	26.31994	5.5586724	-118.4495	1550000	-2.483527e-09	541.80615	-0.016175864	-98.8645	0.31265533	0.008392728	0.07763106	79.0	716.9222068786621
155	-124.614845	39.591667	-60.57701	-328.87292	79.0	-50.81326	25.920357	8.16945	-101.61839	1560000	-1.2417634e-08	589.94257	-0.016552383	-96.96518	0.3197721	0.015149526	0.089735895	66.0	720.9706149101257
156	-133.14854	49.702175	-43.31483	-381.28815	79.0	-52.66976	26.268005	8.949935	-114.56112	1570000	7.450581e-09	751.50977	-0.018057143	-153.88599	0.3207556	0.008763068	0.09863946	79.0	725.7545580863953
157	-126.21203	38.430183	-60.09857	-292.48215	79.0	-54.57659	29.496887	10.722771	-123.1469	1580000	-9.934108e-09	559.5368	-0.0165866	-108.56525	0.3111064	0.012371313	0.09063625	79.0	729.5185091495514
158	-133.8054	55.366535	-69.688736	-387.7106	79.0	-54.522915	27.00707	7.3132453	-137.11475	1590000	1.9868216e-08	933.2375	-0.016745105	-250.7942	0.30956754	0.010723293	0.08663466	79.0	734.7106475830078
159	-120.82645	32.16227	-70.390816	-228.94186	79.0	-54.33102	28.28184	6.9931126	-134.05762	1600000	-4.967054e-09	458.7924	-0.017664576	-113.01717	0.31288317	0.010896322	0.08903561	79.0	738.7773146629333
160	-130.2383	39.514076	-67.3101	-320.5231	79.0	-50.920456	26.62485	5.39421	-106.37971	1610000	7.450581e-09	507.51367	-0.017296541	-107.765114	0.3176161	0.014065698	0.09633853	79.0	743.1561653614044
161	-128.67912	46.245384	-49.124832	-280.7531	79.0	-54.89315	29.104925	7.0747604	-139.90097	1620000	-4.967054e-09	696.4212	-0.016586063	-131.82741	0.2960639	0.011752587	0.08943578	79.0	747.6711657047272
162	-122.70464	38.850353	-60.96185	-264.3906	79.0	-53.185375	27.816298	6.1735	-136.09886	1630000	2.483527e-09	519.743	-0.019005412	-115.87852	0.31773168	0.013918695	0.0997399	79.0	751.8015365600586
163	-125.499596	35.983852	-69.84266	-237.55492	79.0	-52.887863	27.01045	8.865864	-140.46458	1640000	-1.4901161e-08	540.58795	-0.01846538	-142.07451	0.30775693	0.014052067	0.0932373	79.0	756.0253975391388
164	-122.32795	36.18019	-58.55648	-248.24956	79.0	-52.64897	27.601316	11.649808	-119.01861	1650000	0.0	469.41357	-0.018119747	-89.241234	0.30275914	0.012855827	0.09783914	79.0	760.4560325145721
165	-117.789894	36.923428	-56.110672	-294.26495	79.0	-51.50233	27.423384	7.9762874	-112.317116	1660000	1.4901161e-08	446.9562	-0.019068306	-83.1096	0.2922856	0.013541032	0.08983594	79.0	764.146003484726
166	-121.61831	38.932404	-64.46579	-268.19656	79.0	-49.24576	25.476599	5.6848598	-122.367485	1670000	1.2417635e-09	543.2576	-0.01691142	-94.637634	0.29859444	0.010074644	0.09423769	79.0	768.742399930954
167	-125.42322	41.496227	-45.344246	-276.9833	79.0	-50.594555	25.96858	9.537386	-110.27651	1680000	2.2351742e-08	628.51227	-0.01785374	-116.40469	0.29691613	0.010797766	0.08663466	79.0	773.2335731983185
168	-124.36349	39.98495	-51.92409	-284.63763	79.0	-53.35498	26.7937	1.8380523	-116.071495	1690000	9.934108e-09	522.99054	-0.018202268	-78.984406	0.29623052	0.013992845	0.09283713	79.0	777.0467212200165
169	-122.145294	41.020424	-60.28239	-361.77933	79.0	-53.027473	26.617537	11.901586	-130.11865	1700000	-1.6142925e-08	646.45514	-0.015343233	-158.90367	0.30165544	0.010876861	0.08103242	79.0	780.9363358020782
170	-124.56622	47.53479	-55.267548	-381.39792	79.0	-51.297897	26.605862	10.960966	-111.98733	1710000	-7.450581e-09	703.1595	-0.017447488	-154.30736	0.30118752	0.014683689	0.09233693	79.0	784.6399312019348
171	-120.09956	38.97362	-61.19482	-265.41095	79.0	-51.495056	26.691656	11.147753	-132.91997	1720000	-9.934108e-09	512.714	-0.016995236	-102.130775	0.3018269	0.013188601	0.09243698	79.0	788.4363408088684
172	-122.78141	44.297115	-60.793407	-317.43295	79.0	-51.23918	26.427916	9.21843	-124.11391	1730000	-1.0554989e-08	718.2171	-0.015963411	-147.37074	0.29883787	0.010924969	0.08183273	79.0	793.4822402000427
173	-116.05543	37.410267	-57.843216	-255.443	79.0	-52.9946	27.21336	8.64214	-115.36299	1740000	7.450581e-09	552.1014	-0.016221775	-124.79867	0.29975358	0.008481812	0.08153261	79.0	798.8605971336365
174	-113.35246	35.164345	-60.65681	-231.51729	79.0	-50.231678	25.322403	3.617807	-99.85337	1750000	-9.934108e-09	471.47488	-0.016715053	-103.55825	0.29829797	0.011038591	0.09153661	79.0	803.8358125686646
175	-122.97984	41.436123	-59.791325	-268.9069	79.0	-48.082066	25.756659	7.3847857	-113.18645	1760000	-9.313226e-09	620.59454	-0.016982505	-128.8792	0.29327247	0.010223772	0.081332535	79.0	807.7612864971161
176	-117.73379	41.445957	-57.65054	-301.71744	79.0	-51.990967	27.816275	4.1155043	-116.6887	1770000	6.208817e-09	551.54913	-0.016402904	-109.7655	0.2917867	0.013495907	0.08763506	79.0	812.964047908783
177	-121.29135	56.079002	-51.161488	-536.46027	79.0	-50.753082	26.547302	7.8287115	-121.02114	1780000	1.4901161e-08	850.7454	-0.017221047	-199.65703	0.29997042	0.012543724	0.09503802	79.0	817.8530733585358
178	-116.64609	38.708313	-54.135605	-280.94012	79.0	-50.558487	27.688707	14.600694	-147.27673	1790000	1.9247333e-08	551.8797	-0.01714009	-113.81164	0.28891638	0.014699752	0.08903561	65.0	821.7693991661072
179	-121.37766	41.472744	-68.77835	-299.0881	79.0	-48.62677	26.154509	4.6492844	-139.31429	1800000	-2.483527e-09	582.83276	-0.017502204	-131.8044	0.301466	0.010892775	0.091336526	79.0	827.3750431537628
180	-119.55626	36.91951	-56.189293	-273.6703	79.0	-51.20466	26.715328	9.71627	-125.53235	1810000	1.7384687e-08	452.97556	-0.016977146	-83.89892	0.30958733	0.0077451565	0.08103241	79.0	832.5911643505096
181	-118.07163	34.77618	-48.344505	-231.00967	79.0	-49.55077	25.224894	11.338263	-99.27041	1820000	-9.934108e-09	463.43433	-0.018652374	-104.34727	0.30833623	0.010293321	0.08403361	79.0	836.3200361728668
182	-121.90509	42.05498	-45.69721	-253.5437	79.0	-48.977848	26.406057	6.6868134	-107.87617	1830000	9.934108e-09	583.7559	-0.017585872	-96.19043	0.29636303	0.014067625	0.09833934	79.0	841.1176469326019
183	-113.89644	36.27525	-57.23753	-243.38446	79.0	-50.797512	27.074219	16.97448	-111.25869	1840000	-1.4901161e-08	501.2505	-0.018012831	-108.444	0.30410302	0.011874262	0.08743498	79.0	845.54798579216
184	-118.50774	35.418003	-54.071457	-242.38223	79.0	-49.01326	25.673874	9.117102	-123.01566	1850000	-4.967054e-09	480.2814	-0.01729179	-114.7678	0.28795993	0.01020612	0.085634254	79.0	851.2611212730408
185	-121.91719	43.490574	-59.901104	-269.38464	79.0	-49.21616	25.662268	16.043447	-108.97875	1860000	0.0	624.2738	-0.017383864	-98.089355	0.3075511	0.012915653	0.08603442	79.0	856.1678664684296
186	-118.486694	38.56585	-57.62858	-258.22623	79.0	-50.552246	26.690403	10.335381	-109.939926	1870000	7.450581e-09	534.89496	-0.019068414	-122.62626	0.30543077	0.012515646	0.093737505	79.0	860.1840441226959
187	-120.934006	51.027702	-60.071953	-379.11124	79.0	-49.178486	26.452398	10.013521	-116.18931	1880000	-4.967054e-09	908.0874	-0.017366795	-312.7018	0.3022926	0.011127703	0.08793517	79.0	864.7907500267029
188	-123.27901	44.108753	-47.133305	-267.56665	79.0	-50.43139	27.294744	8.180221	-151.00528	1890000	1.7384687e-08	674.44794	-0.019666307	-155.00038	0.30920276	0.013264892	0.098939575	79.0	868.5883784294128
189	-118.24501	43.209995	-49.008232	-312.70343	79.0	-52.961372	29.473736	6.498107	-146.8138	1900000	-2.483527e-09	683.3781	-0.017750824	-186.13928	0.29019514	0.014756254	0.091136456	79.0	872.9660868644714
190	-120.34744	37.654835	-50.65011	-240.27373	79.0	-50.06218	26.59431	10.571007	-147.52835	1910000	-3.7252903e-09	497.20206	-0.0184361	-128.24408	0.3034514	0.010583691	0.09363746	79.0	877.3706336021423
191	-123.1831	57.26418	-59.828793	-599.3476	79.0	-49.78602	26.783482	13.705024	-113.06798	1920000	9.934108e-09	1027.9249	-0.017683672	-327.87515	0.29128054	0.012378122	0.08893558	79.0	882.539181470871
192	-121.573074	45.212597	-56.142174	-324.16562	79.0	-50.198742	26.397568	8.508364	-153.31569	1930000	1.7384687e-08	699.02325	-0.015829658	-123.86786	0.2942207	0.009038224	0.081332535	79.0	887.1218092441559
193	-126.75643	46.43772	-54.352554	-281.51114	79.0	-52.14233	28.137102	5.2739124	-168.21513	1940000	-1.2417634e-08	683.8078	-0.01810659	-126.61562	0.30082345	0.010494974	0.091936775	79.0	891.1699819564819
194	-127.384	41.441364	-55.081295	-246.43227	79.0	-52.399128	27.536863	7.494529	-124.12319	1950000	-9.934108e-09	671.1651	-0.017954424	-121.2595	0.279281	0.0120551335	0.08853542	79.0	895.0064814090729
195	-125.15386	45.996338	-56.917076	-329.94522	79.0	-53.96558	28.064684	5.301775	-114.98183	1960000	4.967054e-09	779.6872	-0.017901918	-164.57819	0.28561935	0.01478787	0.084133655	55.0	898.5319607257843
196	-124.352325	48.87101	-57.47549	-317.54257	79.0	-54.526367	27.699514	8.532807	-117.41307	1970000	1.7384687e-08	927.2028	-0.017882355	-180.00014	0.27361977	0.0117447665	0.09103642	79.0	903.247083902359
197	-116.44557	38.40487	-58.393936	-252.55682	79.0	-54.102146	27.242247	9.895963	-125.31635	1980000	-1.9868216e-08	578.4476	-0.0177171	-146.90367	0.29990983	0.009858173	0.0842337	79.0	908.5859985351562
198	-123.7662	48.663048	-65.77525	-345.0045	79.0	-48.60561	26.124296	7.397189	-101.812485	1990000	-7.450581e-09	871.73145	-0.016431564	-175.12964	0.28815207	0.012344234	0.098839544	79.0	912.88006067276
199	-117.78448	35.71032	-58.879646	-273.15796	79.0	-53.246223	27.470245	12.9781685	-110.86942	2000000	3.3527613e-08	558.1382	-0.016539576	-165.44304	0.27889788	0.010632906	0.08793518	79.0	916.5959556102753
200	-115.35667	36.570766	-54.498302	-241.41934	79.0	-50.124966	25.914938	13.151635	-115.73155	2010000	4.967054e-09	450.94376	-0.01614707	-75.11696	0.2848353	0.009896732	0.08443377	79.0	920.6400203704834
201	-119.02967	42.350304	-49.077316	-297.25946	79.0	-48.22087	25.347017	12.924879	-104.97767	2020000	-8.692344e-09	627.0918	-0.0175096	-110.97695	0.27384284	0.0096251005	0.081332535	79.0	925.2560744285583
202	-116.77081	41.115463	-63.18986	-267.85645	79.0	-50.219383	25.878258	9.917335	-115.000694	2030000	-7.450581e-09	614.07495	-0.017903222	-112.98187	0.2765324	0.0115650585	0.084733896	79.0	929.0198218822479
203	-120.55003	39.231983	-56.598545	-271.4208	79.0	-49.914677	26.486712	16.822903	-117.04361	2040000	-7.450581e-09	560.70355	-0.017113877	-91.46177	0.2919052	0.012129447	0.08863545	79.0	932.7490448951721
204	-118.956245	38.488342	-52.181698	-232.45288	79.0	-51.54696	26.654615	22.78786	-119.3889	2050000	-1.7384687e-08	540.285	-0.017022604	-160.32532	0.28225097	0.010494367	0.0842337	79.0	936.51531291008
205	-119.57242	40.656315	-49.991405	-258.51102	79.0	-50.748226	28.280481	15.46048	-139.56172	2060000	-2.1109978e-08	654.87616	-0.017953193	-137.89891	0.28002775	0.012961246	0.08483394	79.0	941.0869579315186
206	-120.08214	44.288452	-49.59073	-307.4554	79.0	-50.068214	26.341705	21.627848	-103.06393	2070000	-2.9802322e-08	691.4997	-0.016166547	-111.07772	0.28294513	0.009978921	0.08283313	79.0	946.1437983512878
207	-113.74374	37.075428	-48.31089	-248.34831	79.0	-50.44917	25.925438	16.014095	-101.46962	2080000	0.0	496.01038	-0.016495349	-80.69828	0.28999522	0.012062737	0.08293318	79.0	950.3717827796936
208	-120.210396	42.713444	-57.4394	-343.66232	79.0	-47.52669	24.697649	7.9283447	-102.3903	2090000	1.1175871e-08	723.4966	-0.016662933	-168.0103	0.2802991	0.008346642	0.07923169	79.0	956.1720144748688
209	-120.169235	49.34266	-51.17815	-471.9954	79.0	-52.845833	28.482624	6.960539	-176.94987	2100000	4.967054e-09	660.45685	-0.0157811	-193.84839	0.27434126	0.010012713	0.08203282	79.0	960.8588733673096
210	-116.43203	32.765705	-62.2577	-238.05646	79.0	-48.23265	27.389986	17.605341	-151.79231	2110000	-4.967054e-09	441.48062	-0.018214243	-96.93711	0.2923608	0.012958108	0.09423769	79.0	964.5754573345184
211	-120.086945	36.67414	-51.706436	-260.76428	79.0	-49.45501	24.602749	7.7194786	-116.529335	2120000	2.483527e-09	489.20847	-0.017020484	-83.14806	0.28108576	0.013067047	0.08363345	79.0	969.3016884326935
212	-115.741646	36.069477	-60.606144	-270.2262	79.0	-51.05234	26.726599	11.169664	-146.58896	2130000	-9.934108e-09	505.00293	-0.017946912	-111.86137	0.28276277	0.011992863	0.08583433	79.0	974.2849597930908
213	-123.383446	49.429817	-55.819183	-416.18967	79.0	-49.91431	25.18824	6.933858	-161.95987	2140000	-9.934108e-09	884.0122	-0.016843555	-201.71416	0.2890906	0.0144366985	0.08673469	52.0	978.8103158473969
214	-119.25559	40.08261	-51.85669	-301.85648	79.0	-51.65678	26.49897	13.255912	-135.12573	2150000	-7.450581e-09	587.1426	-0.017533645	-118.79757	0.28393245	0.012845014	0.07953181	79.0	983.2229795455933
215	-117.4596	43.23564	-50.66907	-298.1321	79.0	-50.622337	26.37136	10.041511	-106.989685	2160000	6.208817e-09	639.2296	-0.018905079	-133.93706	0.27817407	0.012905699	0.08723489	79.0	987.7948081493378
216	-125.15041	44.75574	-42.830128	-298.85382	79.0	-50.971897	25.55052	12.597013	-125.730865	2170000	4.967054e-09	753.3789	-0.018962814	-141.61389	0.29116556	0.013464916	0.09043617	79.0	991.6976354122162
217	-116.89321	40.261707	-54.757446	-349.1353	79.0	-52.451294	27.491817	7.429865	-146.02281	2180000	-1.7384687e-08	532.68463	-0.017246725	-140.20093	0.28246316	0.011451681	0.08483394	79.0	995.6959266662598
218	-112.193954	32.826378	-54.301575	-244.85437	79.0	-48.07443	25.526651	7.1185465	-116.352615	2190000	-1.2417634e-08	399.80933	-0.01728098	-78.06475	0.27944556	0.013352574	0.0902361	79.0	1001.4421398639679
219	-113.2621	34.682137	-51.45285	-252.5528	79.0	-46.52878	24.08935	8.24733	-104.66956	2200000	-7.450581e-09	452.99023	-0.018705158	-67.636894	0.2739271	0.01317343	0.085534215	79.0	1006.1200225353241
220	-115.7222	35.247055	-57.311436	-248.0652	79.0	-47.629	23.964998	9.673868	-105.05347	2210000	-6.2088173e-10	437.62076	-0.016097575	-71.403625	0.27891997	0.013324704	0.09203681	79.0	1010.1940152645111
221	-113.947784	38.73065	-47.280506	-229.03735	79.0	-48.43316	24.47607	9.80924	-104.70802	2220000	2.0489097e-08	550.75977	-0.017371228	-80.80842	0.27046838	0.010259441	0.08813525	79.0	1014.0061180591583
222	-110.51612	39.617214	-54.837112	-255.44708	79.0	-49.162113	25.728437	12.1107645	-141.40482	2230000	1.9868216e-08	503.5039	-0.017556293	-118.33512	0.26584518	0.01288977	0.09233693	79.0	1018.2551276683807
223	-115.10042	38.227436	-48.75701	-235.5226	79.0	-45.878086	24.025337	7.9329853	-112.16461	2240000	-2.4835268e-08	549.84174	-0.017539049	-93.128685	0.27043095	0.011768457	0.08283313	79.0	1022.104163646698
224	-118.3238	40.753757	-59.04236	-344.81293	79.0	-49.544353	26.863209	3.7480602	-178.1534	2250000	-7.450581e-09	517.1294	-0.01657656	-152.78767	0.28094125	0.00997499	0.07933173	79.0	1026.7231442928314
225	-112.12733	38.0119	-36.995598	-242.89247	79.0	-49.661266	25.538332	7.146109	-157.09288	2260000	1.2417635e-09	606.9394	-0.016329408	-154.62091	0.26751193	0.011703192	0.08003201	79.0	1032.6277430057526
226	-109.55753	40.303627	-52.32992	-270.10983	79.0	-47.217304	25.681734	14.879621	-101.07002	2270000	0.0	576.3911	-0.015962714	-90.06125	0.2739657	0.010523806	0.08073229	79.0	1036.364119052887
227	-110.882614	42.08632	-40.026997	-277.1157	79.0	-45.218018	24.25873	7.574465	-104.85482	2280000	2.2972623e-08	580.0733	-0.016935756	-125.17373	0.27768594	0.0143768685	0.090536214	79.0	1040.4197406768799
228	-107.31475	33.408493	-60.364902	-216.52412	79.0	-45.712334	24.931463	13.421592	-114.18711	2290000	5.5879354e-09	423.76627	-0.015860775	-85.13407	0.27982128	0.010416777	0.08033214	79.0	1044.2760207653046
229	-109.721794	33.70068	-53.870987	-244.9318	79.0	-47.186337	24.39882	7.8819046	-159.37523	2300000	0.0	412.608	-0.018041002	-89.70188	0.27090785	0.009224013	0.08243298	79.0	1047.9851233959198
230	-113.41402	39.298534	-55.224453	-303.78665	79.0	-46.734833	23.397831	12.344705	-114.08013	2310000	0.0	470.24442	-0.017250326	-84.94741	0.27419809	0.008856841	0.08303321	79.0	1051.781021118164
231	-108.69437	35.536156	-48.389984	-234.22778	79.0	-48.073223	24.56616	13.080936	-105.184975	2320000	-9.934108e-09	476.97446	-0.016078457	-102.2134	0.27119085	0.013296888	0.09293717	79.0	1055.829862833023
232	-112.805	36.797302	-56.43453	-269.28983	79.0	-46.76895	23.565113	6.253604	-113.725555	2330000	-8.692344e-09	449.84073	-0.016430918	-79.507225	0.26918527	0.009729067	0.07272909	79.0	1060.0544085502625
233	-110.195885	36.845566	-50.409817	-354.49576	79.0	-46.594204	24.936369	7.9775243	-137.78278	2340000	1.4901161e-08	426.1268	-0.017535279	-87.29065	0.2665114	0.014011253	0.09153661	79.0	1064.3999121189117
234	-108.01459	38.99672	-44.927372	-259.41336	79.0	-46.491444	24.52924	7.123686	-133.66727	2350000	2.483527e-09	578.3648	-0.018235423	-112.3088	0.27567264	0.013037604	0.09263706	79.0	1069.4239437580109
235	-102.077415	33.08621	-50.659	-265.0359	79.0	-45.461147	24.404533	11.497741	-110.51895	2360000	2.483527e-09	403.272	-0.015525512	-93.29958	0.2609937	0.008302491	0.07893157	79.0	1073.1014125347137
236	-109.57915	41.736214	-49.457363	-267.51117	79.0	-43.35963	23.200953	8.79549	-98.93015	2370000	-7.450581e-09	563.7048	-0.015781336	-78.31686	0.26571637	0.014418771	0.085534215	79.0	1077.4522168636322
237	-114.13103	48.01419	-44.44155	-412.7741	79.0	-47.1408	24.900953	7.3617	-97.543564	2380000	2.1109978e-08	654.41595	-0.01719971	-118.78385	0.26206467	0.011340485	0.08253301	79.0	1081.2111601829529
238	-113.32975	42.17946	-33.096703	-317.78345	79.0	-48.18313	24.530926	8.528304	-107.81655	2390000	9.934108e-09	641.85187	-0.01717728	-163.77345	0.26547173	0.007099939	0.08003201	79.0	1085.7701349258423
239	-110.9938	37.962456	-47.927395	-249.01726	79.0	-48.24871	25.01148	13.637492	-123.29354	2400000	-4.967054e-09	546.00824	-0.016918039	-120.975525	0.26788697	0.009198819	0.08183273	79.0	1091.3235120773315
240	-111.460976	38.34281	-56.283226	-308.45074	79.0	-46.427834	24.154295	11.33094	-101.36113	2410000	-3.7252903e-09	488.41513	-0.015017298	-90.427	0.26821968	0.010294013	0.07863145	79.0	1095.7767724990845
241	-108.0402	37.542538	-42.120678	-234.3797	79.0	-46.335556	25.04986	8.609038	-100.021515	2420000	1.7384687e-08	472.84885	-0.016771058	-90.70873	0.26507324	0.014752168	0.08283313	79.0	1099.4562675952911
242	-111.62019	33.93987	-37.592674	-235.92947	79.0	-45.53402	24.748407	7.949089	-154.08324	2430000	1.4901161e-08	469.67355	-0.018323444	-125.33396	0.27608946	0.01476147	0.096538626	79.0	1103.2397649288177
243	-111.101234	40.335957	-51.296158	-282.384	79.0	-46.83629	24.776922	6.8023586	-111.550835	2440000	1.9868216e-08	565.1657	-0.01651994	-103.812035	0.262579	0.010472787	0.07482993	79.0	1108.0461945533752
244	-108.32239	39.202866	-48.550014	-270.6412	79.0	-46.8748	23.797537	10.614273	-103.4568	2450000	1.9868216e-08	520.11847	-0.015590657	-133.10594	0.25893888	0.010526405	0.08183273	79.0	1113.035164117813
245	-105.82504	37.233696	-49.67943	-317.79572	79.0	-45.790306	24.41975	7.0354056	-102.7692	2460000	-7.450581e-09	462.9492	-0.018783277	-155.47694	0.2705591	0.012758288	0.0892357	79.0	1116.7638249397278
246	-104.05365	34.223156	-45.83256	-241.91228	79.0	-45.071735	24.138588	4.6648293	-127.90257	2470000	1.9868216e-08	456.88354	-0.016488144	-112.26333	0.25586784	0.011214085	0.07863145	79.0	1120.522220134735
247	-114.40051	42.317238	-50.476635	-285.11417	79.0	-43.13774	22.605587	7.596906	-93.24197	2480000	-4.967054e-09	614.28033	-0.01535062	-100.555336	0.25904468	0.007096902	0.077130854	79.0	1124.3066992759705
248	-107.29603	33.244247	-52.76544	-267.79877	79.0	-49.025154	25.761198	9.3078	-135.27223	2490000	1.2417635e-09	427.37817	-0.01630366	-111.687355	0.24995176	0.010172017	0.081232496	79.0	1128.6616215705872
249	-111.01938	36.853004	-43.48571	-266.87534	79.0	-44.708946	23.828356	8.324837	-97.11625	2500000	-4.967054e-09	402.96753	-0.01538591	-62.092075	0.2552732	0.0113144	0.08243298	79.0	1133.768001794815
250	-105.72655	35.25572	-43.328884	-260.61023	79.0	-45.922035	25.353283	7.9540195	-96.66545	2510000	-1.9868216e-08	449.99414	-0.01764868	-84.55763	0.25510043	0.012752785	0.0832333	79.0	1138.4770877361298
251	-110.07073	39.348423	-43.84631	-336.2924	79.0	-43.39181	23.947346	12.773028	-99.67243	2520000	2.6077032e-08	497.32913	-0.015580871	-148.6707	0.24986947	0.0095087215	0.07673069	79.0	1143.96613240242
252	-107.73726	39.337177	-50.730587	-312.97064	79.0	-45.516514	24.89978	7.9318967	-161.60533	2530000	0.0	509.37088	-0.015945137	-98.26138	0.24635275	0.009622498	0.07402961	79.0	1148.3566224575043
253	-106.830154	37.267467	-54.75454	-264.58682	79.0	-46.23717	23.612654	14.023167	-134.66248	2540000	1.2417634e-08	537.51044	-0.015987827	-117.62803	0.24520338	0.009736975	0.073529415	79.0	1152.6719014644623
254	-103.49177	35.72426	-52.904335	-211.53123	79.0	-46.140957	24.010502	7.8953457	-94.96583	2550000	2.483527e-09	483.9807	-0.015472141	-103.94224	0.24179088	0.010599285	0.07933173	79.0	1156.5723915100098
255	-105.63568	35.107845	-53.126865	-233.10197	79.0	-43.4719	22.293144	7.45897	-92.11858	2560000	8.071463e-09	452.23624	-0.015534043	-63.510742	0.25210786	0.0108211255	0.076230496	79.0	1160.764039516449
256	-107.61317	37.218117	-48.124146	-302.09766	79.0	-44.44283	23.362278	8.9744	-105.64516	2570000	0.0	414.79468	-0.01711321	-63.91391	0.24036086	0.012557601	0.0882353	79.0	1164.681306362152
257	-102.95632	36.657677	-46.617367	-275.74078	79.0	-44.4779	23.253607	4.9934177	-145.63097	2580000	1.4901161e-08	453.30383	-0.01666263	-128.13033	0.24087828	0.008344683	0.08043218	79.0	1168.3388757705688
258	-114.45796	42.48043	-54.493206	-351.23746	79.0	-44.46233	23.091253	5.397374	-158.80585	2590000	2.483527e-09	597.7155	-0.016639074	-145.92218	0.25315148	0.008724985	0.08283313	79.0	1172.8361518383026
259	-104.27698	37.75751	-41.183926	-310.94397	79.0	-47.40146	25.535145	4.997119	-118.97899	2600000	-9.934108e-09	522.5135	-0.017122371	-168.87892	0.25111404	0.012029406	0.09043618	79.0	1177.0923779010773
260	-107.99916	39.115868	-34.01152	-293.4896	79.0	-45.79303	26.3001	5.2495747	-182.79861	2610000	3.7252903e-09	683.82684	-0.016717723	-213.36922	0.25395182	0.012984897	0.09013605	79.0	1181.3054382801056
261	-108.39863	44.86607	-53.828465	-318.68066	79.0	-44.99366	23.291353	4.6358376	-92.30433	2620000	-1.4901161e-08	662.4175	-0.015890151	-102.31445	0.24612081	0.013879717	0.083333336	71.0	1185.670829296112
262	-107.07918	37.428986	-50.56677	-259.0128	79.0	-45.693233	24.970493	7.2790823	-90.90126	2630000	-9.934108e-09	539.3276	-0.017996259	-136.7312	0.24480756	0.013919499	0.085534215	79.0	1190.7096683979034
263	-111.75144	36.525475	-42.125484	-252.34082	79.0	-45.871464	23.234015	6.942211	-115.48723	2640000	1.4901161e-08	433.89084	-0.017367655	-74.456276	0.24199669	0.012130261	0.08643457	79.0	1195.0973019599915
264	-109.055595	39.62524	-46.85438	-277.42313	79.0	-46.07661	24.054777	13.279532	-107.965416	2650000	4.967054e-09	514.9764	-0.01687255	-97.47183	0.24660783	0.012405805	0.085634254	79.0	1199.0429565906525
265	-109.15775	37.71322	-43.697914	-244.1107	79.0	-46.547993	24.450445	9.690127	-156.80142	2660000	8.692344e-09	587.82416	-0.017457219	-151.24626	0.26219583	0.010156904	0.08333333	79.0	1203.2858591079712
266	-106.04169	37.004288	-47.540394	-265.183	79.0	-45.1321	23.215572	10.626633	-109.135254	2670000	-1.4901161e-08	462.59555	-0.01766849	-89.1394	0.2539899	0.013924713	0.08663466	79.0	1209.0081753730774
267	-113.71335	41.34757	-47.318035	-323.68613	79.0	-43.74856	23.76158	17.868849	-100.6299	2680000	-9.934108e-09	609.66705	-0.016910145	-127.21102	0.2658454	0.01417765	0.09073629	76.0	1213.3955781459808
268	-104.650894	34.470875	-46.960804	-259.6676	79.0	-47.66239	25.19185	16.025003	-127.42237	2690000	6.208817e-09	470.18613	-0.017157461	-120.445274	0.25931278	0.009952539	0.08243298	79.0	1217.4424755573273
269	-107.05459	35.227592	-48.13839	-244.23212	79.0	-43.40799	23.989643	4.516508	-99.42906	2700000	1.7384687e-08	520.90045	-0.017417304	-106.31303	0.25687286	0.008828945	0.08123249	79.0	1222.054138660431
270	-108.104546	41.915203	-53.428596	-347.92856	79.0	-46.33858	23.458416	6.360014	-103.66791	2710000	8.071463e-09	567.10944	-0.016732363	-86.76421	0.24878235	0.010490856	0.081232496	79.0	1226.110279560089
271	-103.60477	33.039143	-51.763615	-212.71083	79.0	-44.5569	23.551817	12.501947	-102.796036	2720000	-4.967054e-09	388.4694	-0.016198711	-81.86073	0.24101482	0.009789079	0.07603041	79.0	1230.6316199302673
272	-106.61232	36.24132	-55.71526	-292.28577	79.0	-43.056637	23.367575	9.995851	-99.2949	2730000	2.1109978e-08	420.71463	-0.01797683	-92.758446	0.2455674	0.014362569	0.08463385	79.0	1234.946459531784
273	-105.60564	37.69864	-47.085487	-260.40524	79.0	-44.69347	23.513897	6.8426876	-126.94372	2740000	-1.7384687e-08	519.87964	-0.016666701	-96.941475	0.23644121	0.00932625	0.07623049	79.0	1239.2748744487762
274	-96.58656	33.423252	-50.078243	-217.43416	79.0	-43.73915	22.97559	11.544694	-96.24727	2750000	3.4769375e-08	389.4083	-0.0151324915	-76.883934	0.2392909	0.009892271	0.079231694	79.0	1244.5931189060211
275	-103.65359	33.921787	-37.589233	-229.72638	79.0	-40.147045	21.448345	23.716177	-99.16842	2760000	-9.934108e-09	431.86914	-0.017280955	-88.17972	0.24373476	0.014435695	0.084133655	79.0	1248.2781262397766
276	-105.57604	35.090034	-46.60475	-219.35817	79.0	-44.03202	22.954002	7.5477223	-111.81111	2770000	9.934108e-09	479.19556	-0.01611801	-110.58463	0.24797039	0.009122542	0.08023209	79.0	1252.5442929267883
277	-111.60331	40.314278	-32.790974	-272.84122	79.0	-44.590748	23.482288	1.9446785	-119.81817	2780000	-2.483527e-09	591.83	-0.015527968	-108.19009	0.24871166	0.0072946865	0.073429376	79.0	1256.8681483268738
278	-107.641945	41.71617	-40.403637	-257.21048	79.0	-47.927917	24.756304	8.209037	-97.13835	2790000	1.2417634e-08	577.8055	-0.016992752	-117.42803	0.25426856	0.011912073	0.081932776	79.0	1260.92502951622
279	-107.98496	38.153126	-53.543667	-272.0522	79.0	-44.569874	23.926865	10.408768	-117.075905	2800000	0.0	510.53735	-0.017450752	-110.52036	0.2535924	0.014161698	0.08603442	73.0	1266.2458276748657
280	-109.21173	36.495457	-54.181072	-225.88573	79.0	-45.60337	24.202066	9.83451	-104.78306	2810000	6.208817e-09	505.25638	-0.017170204	-120.165306	0.26235732	0.013582629	0.08063225	79.0	1270.3159267902374
281	-106.466484	38.519302	-38.54679	-274.76474	79.0	-45.54017	23.274193	9.279198	-108.77164	2820000	1.4901161e-08	498.60498	-0.016111253	-83.90516	0.24709581	0.009919914	0.07192878	79.0	1275.478176832199
282	-108.28686	37.181156	-49.441113	-241.74203	79.0	-44.167446	22.627499	6.7835436	-93.11976	2830000	-1.2417635e-09	405.5253	-0.01766343	-66.87637	0.25100026	0.0100596845	0.08893558	79.0	1280.2734036445618
283	-111.59195	34.904945	-58.029102	-221.11873	79.0	-43.51678	23.122753	6.8472466	-95.388626	2840000	4.967054e-09	440.11353	-0.017221441	-80.458496	0.24205168	0.009452618	0.077731095	79.0	1284.6919004917145
284	-102.986404	39.303364	-43.396626	-354.19226	79.0	-46.992027	24.249502	17.087383	-99.17991	2850000	-2.4214387e-08	502.34634	-0.013888601	-106.303185	0.24801655	0.007897157	0.06912766	79.0	1289.3618936538696
285	-102.12727	32.65758	-44.528828	-207.7576	79.0	-42.639214	23.111275	13.553928	-103.18694	2860000	0.0	410.5541	-0.016346388	-83.4842	0.24518035	0.008853258	0.08233294	79.0	1294.2850251197815
286	-105.50912	43.333397	-40.691383	-394.19498	79.0	-43.45506	22.113718	12.778113	-154.00925	2870000	-7.450581e-09	591.13324	-0.015920883	-125.66046	0.23647034	0.010594354	0.08003201	79.0	1297.9282610416412
287	-102.97996	30.201635	-43.396057	-223.60278	79.0	-42.870556	23.444862	5.694305	-104.436295	2880000	2.483527e-09	338.9409	-0.015382207	-79.23487	0.23596059	0.01478099	0.084933974	67.0	1302.3806211948395
288	-108.086266	41.31894	-53.419365	-338.41403	79.0	-42.461506	22.486872	9.144644	-100.93388	2890000	2.483527e-09	627.7189	-0.01520142	-129.32974	0.24774386	0.010821608	0.08213285	79.0	1306.1401641368866
289	-102.319756	32.40652	-50.87929	-248.07054	79.0	-44.900166	23.736755	7.02693	-107.967155	2900000	1.0244548e-08	444.683	-0.014763162	-111.49033	0.24017854	0.011630257	0.075730294	79.0	1312.0425207614899
290	-98.737274	34.604557	-48.987194	-259.5747	79.0	-42.482727	22.919922	11.213557	-110.03615	2910000	2.3593506e-08	416.89297	-0.0162374	-73.46995	0.24326532	0.009028022	0.07382953	79.0	1317.8199605941772
291	-107.56716	40.27115	-42.606987	-286.4324	79.0	-41.39943	21.888973	6.891913	-91.62271	2920000	-1.9868216e-08	612.6137	-0.016436124	-115.46915	0.2330379	0.009819168	0.07503001	79.0	1322.1995160579681
292	-103.99877	37.099457	-48.00421	-220.34268	79.0	-45.614532	23.639467	7.434779	-101.70752	2930000	1.6763806e-08	437.6572	-0.016192203	-72.57304	0.24572058	0.012307107	0.08313326	79.0	1326.2739779949188
293	-102.572296	36.361744	-30.338224	-261.08014	79.0	-43.224365	23.788143	10.002632	-104.568634	2940000	2.483527e-09	412.00888	-0.015915817	-70.579056	0.24417643	0.01021779	0.074229695	79.0	1330.009869337082
294	-108.42056	43.746895	-54.58584	-321.7056	79.0	-42.69527	22.379957	8.007135	-97.84304	2950000	3.4769375e-08	658.8784	-0.016146543	-140.58495	0.24103256	0.012671222	0.08643457	79.0	1334.5844836235046
295	-100.56304	31.915907	-49.55973	-246.7137	79.0	-44.253296	24.113876	6.326806	-146.7446	2960000	1.1175871e-08	328.57867	-0.017408086	-78.561455	0.2416246	0.0120558245	0.08033213	79.0	1338.8353028297424
296	-102.07688	33.665737	-47.92462	-207.0572	79.0	-40.459747	22.39796	7.800727	-102.57196	2970000	-1.2417634e-08	408.62476	-0.016174393	-73.71033	0.245093	0.010806579	0.080832325	79.0	1343.2262964248657
297	-102.40116	33.167496	-48.613213	-226.71423	79.0	-42.91014	22.784271	11.80239	-102.79826	2980000	4.967054e-09	388.7124	-0.017583493	-71.31999	0.23986779	0.010168228	0.081332535	79.0	1348.7017185688019
298	-99.98092	32.205612	-41.800884	-212.752	79.0	-43.191727	22.718616	3.6122754	-108.368675	2990000	4.967054e-09	379.07773	-0.0157814	-76.573715	0.23262501	0.011333894	0.07252901	79.0	1354.1808364391327
299	-109.29558	44.252796	-53.918182	-337.2857	79.0	-42.923096	21.856514	3.9269898	-98.50389	3000000	-4.967054e-09	692.4135	-0.015268818	-162.64917	0.23312162	0.007684491	0.073429376	79.0	1360.1105136871338
